00010001011000000100100010000000110000010010011001
00110000010010100000011001010001000010100000000100
10110100001000100010100011011110010100011000010000
00001100100101101000001011010000001000000110001001
00010000000001100100000010000011000001100001001000
00100000111010010111100111000000001000110001010000
00000000011001110111100010110000001100000101000000
01010100000000100100100000101101001000010001010100
00001010010000000000000000000000000000001001000100
11000001111001000111100000000000111000111100010101
10000101001000001000101011100010111011001010011100
01100010001000001100010000000010000000101011110101
00100001001010010000001100001110011000000001101100
10001010100000110000010000100100111011000100001101
00000100010001000000010001101000100011001001001101
01000100100001010000111100000111000001000010001100
00101111011010100100100001100001000001011010001011
10100011001100001011001000001001001100001000100001
00000000100001100100110110000001001000010000001000
00000001001010000010001110110000010010101100011110
10000100010011011000111011001101001011111000000000
00001011010010010011011101110111101101001000001000
00000000000000010001011100010000100111010110100000
10010010010000011011000000010000011001000000101100
00000000000010101001001011001001100000100000001001
01000001000101000110001000101001000100000011000100
00000101000100000010010010011000000100111000001001
01000000111010000001111000011110000101110101100100
00010010000000010010101000000100000001000001010010
00010000111100001100111000000100110101010001110110
00000000111001001111000000111001000101010000011011
10000000101000000100010000000000010011001010010010
01000111011000010000101110111110100000000000100001
01000000010001000000010000110111101100110001100000
01000101000110000100101000001101011100000001001100
11011011100000000110010000001000100001110100110001
00100011001001000010100001001100000010000010110100
00001000010011000110001100100110010000000010010000
00111000110001101010000010000011000000010010010000
10000111111001000011010000101110000000001101100001
11100100000000001100100000000011010101444410100010
11100000000000110000000000000100000114144441001000
01100000000100001000000001001100111414414144110000
00010000100110001000110100100031414455555555541100
00001100000101000011010101011054414451444411514100
00010000000001001100000010010155555551441401555511
10010010011000110010010000000100014414411414411551
10001010110011010100001100000010001010114144100154
00111001011010000000011000100111000000014444401554
10000110000010010000001000010101100100114441011214
