1101111111111111111100111110111011111111111111111111111111011101111111111111101111001111111111011111
1111111111011111111111111111111001111111111111001111111011111111111111111101111111111001111111111111
1110111111110111111010111111111111111111111111111101111011111111111111111111111111101110111111011111
1111111111011111111011001111111010111111011110111111111111111111111111111111111111101111011110111111
1111111111111111111111111011111111111111111111111111111111111111111110111111111111111111111111111111
1011111111111011110111111111111011011111111111111110010111111011111111111111111111111111111111111111
1111111111101111011111111111101111111111111111111111111111111111111110111111111111101111111111111111
0111111111111110111100111111111011111111111110110111101111111111001111111111111111111111101111111111
1111111111011111111111101111111111110011111111111111111011111111111111110111111111000111110111110111
1101111110111111111111111101111111111111111111111111111111111101111111111111111111100111111111111110
0110111010111111111111101111111111111111111111111011111111111110111111111111111111111100111111111111
1111111111111111111111111101111011110111111101010111111111011101111111101111111110111011111111111111
1101011111111110110111111111111111011111111111111111111101111111111111111111111111110111111111111111
1101110101101111111011111111111111111111111011111111111111110111111111111111121111111111011011101011
1111111101111111011111111110011111111111111111111111111110111111101011111011141111111111111111011111
1111110111111111111111111111111111111110111111101111001110111111011111111111111111111100111010111111
1111111111100110010111101111111111111110011111101101111111110111011111110101111110111111111111111111
1111111111111111101111111111111111001111011100111111111010111110111111111111111111111011111111111111
1111111111110011111100111111111110111111111101111101111111111111111111111100011111111111111111111111
1111110111111101110011111111111011111101111011111111111101111111111111111111111111111111111111111011
1111111111101111111111111111111111111111111101101111111111101111111111111110111011111111111111111111
1101110111111111111111111111111111111111101111111111111111111011111111111111111011111011111111111111
1111111110111111111111111110111111111101111011111111111110111010111111111111111111111111101111011111
0111111111111111111011111011101111010110111111111111110111011011111111111111111111111111111111110101
1111111111111111111111110111111111111111111111111111110111111111111111101110111111111111111111111111
1101110111111111111010110111111111111111011010111110111110111110111111111111110111111111111111111111
1111110111110111111101110111111111111111111111010111111111111111111111111100110111111111111110111111
1111111111111111110111111111111111110110111111111111111111111011111011101110111011111101011101101111
1110111001111111111110111111111111110011111110111101111111111111111111011111111111111111110110111011
1111110111111111011111111111111011111010101011011111111110111111111111111111111011111101111111111111
1111011111111111011111111111101111111110111111011111111111011111110111110111111111111111111111110111
1111111111111111011111101111111111111111111011110111111111111011101011101111111111111111101111111111
1101111101110101111011111111111111111111111111111111110011111111101111111111111111111011110111110101
1110111111111111111111111101111111111101111111111111111111111111111111110111111110111111111101111111
1111111110111101111111110110111111101101111111111111111111111111111110111111110111101111111111011111
1111111111111111110111111111111111111110111111111111101111011111011111110011111111101111101111111111
1111111011111111110111111111110111111111111111111111111111011011111111111111111010101111111111111111
1111111110111111011111111110110111011111111101111111111111111111111111111111111111111111111110010101
1111111011111111111111011110110111111110111111111111111111011111111111111111111111101111110111111001
1111111101111111111111111111111111111111011101111111111111110101101111011111011001101011111111011111
1111111111111111110110111111111111110111011101111111111111111110011111111111111101011111101101111110
1110111111111011111111111111100110111111111111111111101111111111111111111110111111011111101111111111
1111111111111111111111011111111111111110110111111111111110111110111100111111111111101111101110111011
1111111101101111111111011111011111111111110111101111110111101111011011111011111111101101101111111101
1111111111111111111111101011111111111111111111110111111111111111111111110011111011011011111111110111
0111111111011111111110111100111111111111111011111111111101011111111011111111011111111111111111111011
1111110101111111101111111111111111111111111111111111111111111111111111111111111111111111101111011010
1111110111011011111101111111111111111111111111111111111111110111111111111111111111111111111110111111
1111111111111101111110110111111111111111011011011111111111111111111111111111111110011110101111111101
1111101111111111111111111111111111001111011111111111111101111110101110111011010110011111110110111111
1111111111111100110111110111111111110111111011111110101111110001111111111111111111111011111111111111
1111111101111110111111111111111111101111111111111111111101111111111110111111011101111111110111111111
1100111111100101111101111111101111001111111111101111101111111011011111101111111111110110111111111111
1111111111101111111101110111111111111011111111111111111111111111111101111111011111001101111111001111
1111111101111111111111111111101111111111111111111111110110111011111110111111111111111111110111111110
1011111111110110111111101111000111110111111111111111111111111111111111111111111111111111110111111101
1011011111111111111101111111111111111101011111111111111101111110111111111111111101101111111001111111
0111111111111111111111111111111111111111111111111101111011111011111101111111011111111111111111111101
1111011111111110111001111111111111110111111111111111111111111110111111111101111110111111011111111111
1111111111101111101111111111111011111011111110110111111111111111111101111111101111011111111111110101
1101111111111011111110011111111111111111111111011011111111111111111110111111111111111101011111111111
1111111111111111111111111111111011111111011111111111111110011111111110111111101111111000110111111111
1110111001010111111111110110000011010111111110111111111111101110111111111111111111110111111011111111
1110111101111111111111111101111111110111011111101001111111011011111111111111111111111101110101111111
1111111111111111101011111101010111111011110111111111111111111111111011111100111111111111111111101111
1111110111111111101111111001101101101111111111111111111111111111101111111111010111111111111111111111
1111111101101111111111111111111111111111111111111111011011111111111111101111011111110111011011111111
1111111111111111111001111111011111011111111111111111111111111011111111011111101101111111111110110011
1111111011011111101111111110111111111111111111111111111111111111111111111111111111011111101111111111
1111111111111111111111111011111111011111101111111111111101111101011111111111110111111111111111111011
1111101111111111111111111101111111111111111111111111101111111111111111111111111011111111101011111111
1110110111111111111111111111111110111110111111111111011111111111111111111111111111111101110111111101
1111111111111111111111101111101111111111111111111111101110100111110111111111011111101111111100111111
1111111111111101111111111111011011101111101111111111111101111111111111111111111111111111111111111111
1111111111110111111111111100011111101011111110110111111111111101111111111101100011111110111111011111
1111111111111111111111111111111111111111011111111011111010110111101111111010101111111111111101011111
1111001111010111111111111110111111110101111111111111011111111111101111111111111111111111111111111111
1101100111111111111011011011111111101111110110111111110111001111111111101111011111111111100111011111
1111111111111011011110111111110101101111111111111110111101110111111111111110011111111111110111111111
1110011110111011101001111111111111011111111011110111111111111110111111111011111111111111111110111111
0111111100111111011111111111111111111111101111111111111111101111111111101111011111111111011111111111
1011001111111111111011111111111111111111111111111101001111101111111111111111111110111111111111111111
1111111110111111111111111101011111011111011110011110111111111101111111111111111111111111111111110111
1111110111111111111111111111111111111001111111111101111111111111111111111111011111111111111111111111
0111011111101001111111111011111111111111110111011111110011111111111111111110111111111111111111110101
1011111111110111111111111111110111111111111101011111111111111111111111111111111111010111111111111111
1011111111111011111111111011011010111111111111111110110111110111111111111110111111111101011011100111
1111011111111111111110111010111111111111111110111010111111010111111111111101111110111111111111111111
0111101111111111111111111111111110111111111111011111111111010111111101111111111111111111111111111111
1110110011111101111111111101111111111101111111111111111110111111101111111311110111111111111111111111
1101111111111111111111111111111111110111111111111111111111101010111111110111101111011111111111111110
1111111011111010111111011101011111111011111111111111111111111011110110111111111111111101111011111111
1111111011110111011111111001111111111111011111111111111111111111010111111111111101111111111111111111
1111011111111111011011110110011111101111111011111111111111011111111111111011100111111111111111111111
0110111111111111111111111110111110111111111111111111111111111110111111110111111111101111111100111110
1101110010010111111101110111111111111111111111111111101101111111011111111111011111111111011111110101
1011011111111101111101111011100111111111111111111111111111111111111111111111111111011111111111111110
1101101011111100111111111111110111111111111111111111111111111001111110111111101111111111011111110011
1111111111111111111111111111111111111111111111111111111101111111111111111111011111010111111011011111
1100111111111111111111011111111111001111011111111111110111111111111111001111111111111111111111111101
