0100010000000011001000000001101011000010001000000010010000100110000110100001000011010000000101001001
1100000010001111001010001100010001000001001000000011001000110001011010000000000000010000000001000111
0010001000000110000010000000000000001010000101011100010011010010101001100001000010000000100010010000
0010000000001000001011101100000000000110000000011001001100000000100011110010001100010100000000100100
1001100000000010000000110000000000000100000011100101001000101100010000011000010010001010100110011000
0000010010010010000000000001001001000000000000101011000100011000100101011010010000110001010100000011
0100100001000010110010000010110100000011001010001001101010000011000000000000001001000000000101000110
1000111000000110000000001000011010100010010000000000000101000111010000100100001100010000000000000110
1001000101110111101110011000001100000000010010110010011000010000001000000100000000000000000001000100
0010001100010000100000000001000000001011000010100101011011001001000001100010001001010000100011011000
0000100000000011011000100100111000000100001010000100010000110000010011010010000100000001000100100010
0010000000100000000000100010010100000000111100010001111001000010100000011100000100110010100000100000
1000000000000100100010110100000101000000000100000010110011001000111000010010000111010101000000111000
0100011100000010110001110000000000010010010100010000010100000000100000000111100001000011100101001101
0010100010100100000100000001011001000010101001010100000010011001001000000144100000010100000000001001
1000001100100111000000001000000010000101100000100111010000010001010000100144410000011100011000010101
1001000010000000001001010111000000001000010000010000100001110010000000101444441104401101001001011000
0010010110001100101000101000000010000001010101111001110000100011100000101444114414444411110000000001
1010001001000000000001100000111011001100011000100001100001101100010041011444444144414441010001000001
0000100000011101001010101000010100011010110100001001000000000010100144110144444444444444111011000010
1100100110001011000100100000100000001010001000000101100100000010101444101441111444441414441011000001
0010110110010011010101001100100101100001110000000100010000011100111414114444444441441444444100110010
1000010010000000101000001100001100100000110010010000000000100000141144412544111144411411444011000000
0001000110111110011010000000001001000101011010110000000100110000444441444514444441441444444440000010
0100001101010001010011010010000000010001000001000000011110010000144144444544441141441414144140110000
0110010000101100000000100000010010010000011100101010101011000001014444114514441444444414441040000000
0000111110001000010100000001010001010110010000000100100110010010144441114514414444114141441110000011
1100110010001000010010110010001100000010000001101000000010001000014414444554111141444444414414410010
0010100000010101011001110100000011000101000001010001000110000001001411144451444441141414444444444110
0100000100100000000000000111010010100101101011101010110110010000010111444455555544441411411414144401
0000110110000010100011101000011101000001000000001001101010001100100100114414444544441444144444414410
0100100100101001100101001100010000000000010001000001000000010000100000001444414514144444444444411410
0010001000000100100000000011010000100010010001100000100100000100010010101444444551414111144441410110
0110100000000100001001111010010010000110010001000010001010110000010001010144441154441444441444444401
1100010010000010000010000000001100000000010000010000000000010100000110001144414454444411444144144110
0001110100000101000001001000100110100000000100000100000000011010000000000114114151144141411444144400
0100100010011000100100101000000000001001001000000000100000010001101000001114144155444144444144114401
1001110101000000100111100010000100100000000010000010010000000000001000010001144445444441441441014401
1011001001001000011100011110000100000000000010010011000101001100101010101000114415144444444411101401
0010000001000100101001100000011100010101011000011100000001101111011100100000144445141444144444110001
1101011000100000001000000011001000010001000000010111001000000000011011100011444445511141444414410011
1000000000100101100001100101000101001010001001100001100000011110010000110111414441555141411444444400
0100000000011000000100010110000010100000100101000000111000001010010101000101441144445514444444444400
0001000100110100101010010000000101000000111101000000100100001010000000000001144414111551444414444400
0101000000100010010001001000110100110010000010000000001010100001000000010000144001104155555411144401
1110000111100000000011111000010100000000001001111101100000010100000001010100001100044441445144411400
0000100000000110000000011000101000100011000100000100010110101010000001010001001001114114445544410001
1101010000000010100100000110100000010110110100011001000111100011000001010110010100104101444514441011
0001001001100000000010101000011001011100011000000000000000101010110001000000100000001101444551444401
0001001100100001000100100000010000011010000000100000001011000010000001011011000000100001111451114400
1100101000010000011001000100100000000000000011100001100100000101000000100000010001000100000154104100
0010010001011010001000000110001000100101001000000011011010111100000100011100100100000011011451104410
0010000010000000100010010000010110000100100100101010010001100100000011000001100011010000000455554101
0011000000110010000010100010000000100100001100110000001000101011000001000010110000000010010014454111
0001000000000011110100000110001000011001010101000000010011000000100000000011100000000001100001154100
0011000101101000100000010000001010000100100111100100011010000111000000000001001110001000000001055310
0000010000011000101011000001011100101000100100001100000010000101010000001010010000000010011000000000
0000001100110010001000000000000110001000001000000001001101000001000101100001010100010100100001101010
1010011010001100001010110011010101100100000000100000101000110000001101001000001100000110011000010011
0010001100000010000101001100000011011100000000000100000100001001100000111100011110001001000000110001
0000001001000001000101000110001000100101100000000010000011101010000000100010111100000100000001010100
0100001001010110000000010010110000010000000001110000101000100001001010000101010100001000001010000000
1001000000010001011001001000000000010001011001010101011101000000000010000001101101000111000111000100
0001010011111000001110001001000000001101001001100100100101010000100101100000000001011001101010010000
0000100110011100000001111000101000010001000010111101000011101000000000000000000001100000001001010000
0000100010101000001110010100100000000000100010000101110110111001000000100110000000001100100001110101
0000100100101010000010001010011001000110100001101000011011001101110000000000101001000000011000011110
0010111000110011000000101011001100100001100010010000001001001110000011000001100000011010100000101110
1010000000000000001100110000011000101010000110001001000001111101000001000110100000101000000101000100
0011011000111000001000000101000100010000100101010000111100000010010100111100010100100110110000000100
0100000000000010000001110100100000010101000100000111001001001000000110001000110100110001100100010000
0001010000001100001001110000100110010010001010010100001001000001100001101001001110100000000101010100
1001010110000000110000000101010011101100000000100000001000111110001001111010010101001110100000000000
1000100101000111010010001000100000010001000010000100100000000010010001100101010100000100011110100010
0000000001100001011010100010101011010101100011000000000000000000000000101010000010100010110001000000
0011000010010001011010001010000000000000100111001001110010000011001110100010000000000110100100010000
0001000000010000000110000101000110111010000000001101110100000010010111000010000000001000100000001100
1011001011001001001001011000000010110010011111000000110100101010110010101010010010000010000010101110
0000000010000100101111001100001011000000010010000011010111001000000000000000010000000101000000010110
0000100011011000000000100010001011001001001000000001000100000000000001000001101010000111000100011001
0010010000010100101000000000001001000001000001000000110100000110000100001000010000100000010100111101
0010101010101101010011011011000111000001100000100100001000010001000000000001000011001010010001000000
0000001011011110110010000000000000011000001001100100100001000000000011000000011000010010011000000110
0100001000001110010101111001011001001000001000010000100100101101000010001011001000001001100101000011
0110000000000100000010000101100010001011100100100010001101010010001000100111101010001000100100001110
0100100000000000000101010100000010100000000111000001100110000000011001000000011000001111001100101000
0000000001000010001100010100010000100001100101101010100010000000100010000001000001000110010001000000
0000100110010101001000100011100000101101000001010010001101010011000000110000001001000001100001100000
0010010000000001011000000110001010100000000111010001001000000100010000111010000000000010000000000011
1000110110000011100100111000100100000010100010010110101000000000000000100011100000000000000001100100
0000101100001010000010001000100010010100010010001010100110100000000111101100001000010000000000100010
0100101000000000110010000000101011011000000111010000110000101111010111000010000000001010010010101000
1110000010000000010000001000100010011110000000001001000000000001000010000100000001001000000001101010
0000000000101101001001100011000000010011000110101100001000001000101000110011010010111001011000010100
0100001100001010100000000000100010101010000110001010001000101100111000000011000100000101001000001000
0000111100100000000101100100000101011001100001000010001011000000010100010110011000100010001100001010
0010100111010100100110001101011000010000000000110001001111100100001000001100110010000000001110000001
0000010001100000000000100010000000000100010101001000010000010000110100101001100101100011011011001011
1010000001110100000001000010010000001000110010100100000000101011000001000100000000001000110110000011
0100101001010001000001100000100000000010010101000000010001000101110001010001000010011000000000100011
