41114414414444444444411101000000000010001110111000
44144444444144414114410100100001100000000010010000
14441444444444441444101101000010010110010000100100
41144444441441444141410044440101000000000001001100
42144114444444444441441014144440011100000000001000
45444141114144114141444144444441001000100000011000
45411441414141144444144444414410000010000111000100
15555555555144441444444444111410000010001010000000
44444444445441444444444444414444400110000110000000
14141414145444144144441444114144410100000100000000
14444441445444144414111444114144441400000011100000
14411144445414144141111144444441441444000000100001
44414444145101444441414441444144444441011110000000
14441444445514144444444144444444444441000010000000
44444414411555511144444114141444414444110000000000
44144141411414511444141444444444144444440011000010
44441444444441551444144114414444441441410000111101
11144144141411455555514441144414444114440000011000
44444441444444444444551444411114444444411001010100
11444414444414144444455441411101114111441001000001
10144411441414444444145114144114144444410001110001
00111101441144141414145144444144144444440000111000
00010100144414444444445555551444444114410100001000
01011001444444111141441414455441141114440111010110
01010111441441000011414414445414144414440010001000
00110101144111100144444144145444114144110000110100
10100111114444411414441414145144101011000000000001
00110041444441444444444414445411014000000000100001
00100441114144444441414414415441114444001000100010
00104444444444411414444441415111444441000000011001
00104114414441144414111444145554444411440010000100
00000014141444444144444144444451411444444110010000
10101011144444411444441441441454444114444440100111
11010001411414444144441111144454444144444410000000
11000104444444444141144444444154111411441100000101
00001004444414411141144444414155555551410110011000
10010110144414441144114414411444414451111000001011
01000010014111444444114444441441444155510000100000
00000100444441144444144111441141414444510100101010
00100010144141444444444414444444441441510000110000
10100100014441444141414114144111444444555540000010
10001100001110441444444411444114444144114510011000
10001001000100444414414444411011441444414540000000
00100000110000041104104444410100141044441510100000
11010000000110144104414141444111044441444550111000
00100000010000144404404140441001044411444430101000
01010000000000000010000100000100001000100010100010
11000000111000010110000010000001000101100100110011
10100110000010001010001100010000010100101000000001
11000100100001101100011000100000000100000001100000
