0100010011001100101001000101101100110001110001011010010001000100000100110010000001000101001000000110
0001011000010100001001101001000000111001001010001001010101101000100010010000001001000010000001000001
1101110100010010001000110010000011000110001001000100000010010011101000101000100011110111010010000010
0000101000111101001001000110000110000000000010000000000000000000001100000000101000101011000010101101
0000100111100100000100000010001000000101011000010000000110000000100100000001111001010000010011110101
1100011100100110000101000100010101100011001010010111010000001100010001001001100010011001000000110010
1000100000100010111011101000001000010001011100111011000010101111001000000100001001000000001100000101
1011101010101011011000000110111011011001000000100001000100000000001010010100000000010010111100000010
1010010010010000001110100100011100101100111100011010110101000001001011001100010000100010000111010000
0000000010011101000100101001000000101011100010011000011000000110110100011101101100100101100010001100
0110001101110000100111000010000000010000000000110000100010010110000000100000101011101001101000001010
0000110010010011100000110010000001010000000010001011000010111101000001111110001101100000001000000101
0100011111001100100001000000000010000111001010011011110010100110100101100010100111100001100000000100
0011110100000101110000010000111010000011100100101101001010001100000000101000000000101010111000011001
0101001000100000001000000000100011011011010000101001011001000010010010000000100000100011000110001100
0011011010000100000010010000011000110010000010010011000000010001000101000000000000000100001000000010
0010000001100111110111110110001000010001000000001100000010100100110110000000000000011010010100000100
0010000100000000000001101000001100100010110110010000101101001101000000000000000101100000101100001001
0000101000000100100000010101000101010011001011010010100000000110100001001000011011010000000101110000
0000010100101010100010100010000100100011000000100010000001001010101001000001000001110101000000100000
0011000110010001111000011000000000001010000000000100000100000000010101100100000111110100000000100100
0010010010010100000011100110010000001010100000100001000000010111000100000100000000001001111011010000
0011010000001001001010101001001000010101011000010100000000101000001000010011110110001101001000010010
0000101001000010000000010011000110000001010001110000010001001001000001001101010100000101001000010010
0100001110010111001000000110000011011010001001000000000101111010001000110001000000000001110000011001
1001000101110001100100111000101110100001000111111100000110011000010000101011110010001100000010000011
1001000000001110100100010110010010001010110011100001010001000110000000001110011101100110000101111000
0101100001000000010000000011101001010111000000011110000001100000110000000101001010101010000100100000
0010001110011100000010010010100000010110000011010010111000110101010000001101101000100100101101100000
1110101110010101000000110000100000000000100000001000111010101000000010010000001000101000001000001011
0010000010001100100010001010010001000011000000010010111000010010110001110001010011100101100010001000
1001000100010000000000001011100110000010011001111000010000001010000001100011001100010101000000110010
0000100100001000101110000100001000000110010010111111001110000001101000001100000010111100100111000110
0100110110000000000101000001010010100100000100100010110001000010101100000101000111000100000010000101
1000100000010000101010000010010101240100000111100100010110001000010100011111000010110011110000100101
0000000001101111010100000000111141511011000100000101000011000001000000100010000010011010011000010001
1001100000010110001000100010011444550100000000101010000100100010000000111000100000000100011011001100
0010100000000000000110100110100141151000010000010011101001000001110101001010101000000101000111000010
0001100010101100000000000000000011151010000000000010111000011010001000000000000001001001000101000010
1100001100100100000000101010110111550101001100011100000100100100010001001110001001011010100111000000
1001001010101100101100000001001001540000001000000111001100001101110000010001000110010011000010110010
0100001011100111101110010001455555540101011100000111001011001000110100110100000010000011000100110010
0000000101100000001111100011451144440000100100000001001001011001000010101001100101010100010111100100
0010101000110010111011000001451144441011100110101100110010010000000100000001100000000010010000110100
0001000000011111010110100010151141441101110010010111101010010001001100110000000010010100010000000111
1100101000110000100100100100551114440000001110111000000100000111010100000010000000100110101011001000
1100000000011111011000000100510101441001001000000000000100000000000100000110000001000000101000011100
1100000000100011001110100011500011110001000000000010000101000001100001011101010000000000000110100000
1000100000010110010000000010501010100000000110011111000110101010110010111000100010010010000110100001
0001100001001010000010100011510010000110000000110100000000101000011010100110111100100100010000111001
1000110010000011100000001010510100111001010100001111010000000101110110000110100000001110010101010010
1101100010011010000010100100500000100001010001100110000001000001101000001111001011011000000000001110
0000000010000001000110101000301000011000000000101110101001000011000000000100000010001010110011110000
0010000000110001010010001001001000001011100000001010110001100000100100000001110010000100001001101000
1010010011000000100110100101000000000100110000100000001011101001001100011010010001101111101101010000
1000010010100010001100110101100010100000000000100111010000000000000001010110001100000000100000010010
0100001000001111100000010111100100000011001101000001011001000110010100001000001001000100000000000100
0100010000010000100101010100011110110010011100001100010010001000000010001000101000010000111100010000
0111010000101101000101000000000001100111000111001000010001000010011010101101110010100000011000011000
1011100000000010000000001001001010001011110000010000000010000110111000100111101010000010000001000100
0000001000111101011001111110010000000010011000010100000010001000010110110110000100100001000000000110
1111010101000011100100000000000111000101010100010100011100101111001010101000001010010010001011110001
1110000000001111000010100101110100000100111110100110010111010111101010010010100100101010010000000101
1010001001010101110000000010001000100011110001000010111111000110100100111000000010010011110101000100
1001000100100001010100010000010010001100000011101100101001011000001011001011110100011111100100000111
0100010011001110011010001110101000001000100000000001000010101001000111000010010100101000001001011001
0000111010011011000101101000011100001100000000101110000101100110110000000000000100001101001010001000
0010101010101100110100110001010000100110010000001100110110000000000000000001010000001100111010001000
1100010000011001000010010000011001101011100010101001001010111010111000000001000010001111100010010001
0100000101000110110000001110100000001011111100000001011000110001110010000000000100000001000110100101
0001100010000101001000000010000000100000000010000111010000001110001001101100011110000010111100000100
0000010101010001000011000001000000001010000100101100000000011001010011100111011000010110011001001100
0000000000011000000110000000001000010011000110010100011001110001001011000101001101000000100000000011
1000100000011101101011000000001001011100110010101010101100011011000001000101101110110000000000011000
1100001000000011001111000100010011010011000001011100001100111110000010001000011010001010001101011110
0110010000100111011000001000101000000000100111011010001000001101000100101110100000001000000100010101
0110000001010000011000010010100000000001111101000100000100100000001001000000010010011100110000000000
1100010010100001001101100001100101000000100100000000000000011001011010110000010000100110100001110000
1000001101110100100010010100010100101001100000100000100010100001010011100001001000001001100001100010
0110110000000010000110000000010001100100000110010101011100111010000001000010001001101010011000000000
0001000110011111001100100000110100000000000100001000110000010111000001101010010101100000101100010101
1010000000110110000000100111110100001000010011000000010100100001000010001000111000100010100100000010
0010000100100011000111001010000101110000000000100100100010100111000000100000101100110101101000000100
1001011001100100010111010000001101010000010101000010101100001010010110000001011100101001000000001000
1000000010100001010100000001001000100010011110010000000001000001000101000000011011010000010101011110
0010100101010101000000101001000001011101111000001010000011000000000110000001100000000110010000000100
0010000000100011111000100011100110110000000100000011010010010001000101001000110001100101010101100100
0000010011101101010100010100001001110000000001000100100000000010101001110001000001100000110101101000
0000000110101010110011001010011110110110101000111001100101100110000101110100010001001010000001001101
0101010010010000000010100110000110011100100010110010001000000000010001000011000110100001001100001000
0000000100101110001011000001101000111001011101001000001000000101001100000000000000000001000010000000
0010001000011001000100000110010101000101110100011100000010011100000000000010001000111000000000001100
1000000100010000000001100001110001101001100011001000001110100000000100101001110001110001100100010000
0011010000000100001100000001100000000010010001000000010000000010101010100110001100000101101110000111
0011010001100100010010011000000010000001100110000000110111010001000101111101010111000000110010101000
0001100001100110001100100000010011001000011010001010010010000101011000100010010110100100000110000101
1001100001000010010010100110000100111010011010000100100010100000001000000101010000001001010110100001
1001000001010000000100101100101000000111001101000000100011000101000000000001001100100010101010001001
1101110000100101110010000000000110001100100001110101001100110001000101100100000100101000100010001101
0010001000010010101001000011010111000000100110010001000101100110110000010001100000100001100011010001
0000001000000100000101111110011010010000001100001000000011110101100100011011100000110010001001101000
0001000001101110100101001101010001111010010011000100001011111000100101111101010100001000011000011001
0000000110011100010000000010000010100000110001001100110001111011000100110000000100010000010100001101
0000001000011101001000100110000101000101010000000100001000000100010001010010011100011000101101000010
1011100111100000000000010000110001010000011011000000001001010011010000010000100001110010001000101010
0001100100000000000100010001111000001001001000010011010100110100001100110010001110000010111110001010
1010000000100011100000010111000110000001000000000100000010000001000001010001000110010000100111010001
0101010001000010000001000000011101011011011000011001100001001001001100100111100010100001010001100100
0001001110110010000110000000100100101000011010000001100000011101100100010110011000011000100000010100
1001000010001110101111001010010001010100011011011000011000101000100001111000110010110100000010100000
1000100100010000000000101000100100010010100110011000001100010101101110100000110100001000010010001111
0000110000100010010110000110100100001011110011001011000010001111110110001000101000011101010101101000
1011001100110101110001010001010001101110110010000001110000000010000010101001000000000000000001000111
1000010100000001110000010001000000010101010100010000010000111001010010100000110000000000101000010010
0010010111010011000100001000110000010101001100001001100111010010100111100010000000000011011110000001
0110001011000010110000000010100000011010000110101001001100010101000000011001100100000001100000101100
0100010110000110011001011000010110000001010100001000011010000001000100000111101100101101010010000000
0010110110001001100010111000010000010001001010010000000101001110000001001010001000100001001000101100
1000000000110011111000010011100100011100011011000000010000001000001101000101110010000001000010001000
0000000010110001010010000000110000001001000001100001001001000000001100010100000000000001011110000101
0001011000000010000001000000010011000100000100000110000010001111000000001011001001000101000100001011
0001100000010111110011010000101000100000001101001010010010000000000001001110000000000000010000001000
0000000001000000010100010100000000100000011010010010100001001100000000000101110000000001001100010010
1000000000001001000000000000100000110101000001111010010001000100111001000101011111100010010100010011
0010000100000101011010010000110110111010011001000100101100101110001101001100010001000111000001010001
0110011101000100000110000000000011000010010110110001100001010001111000010010100101100000100010010000
0110110000100000000010000000010001001000010010111001101000000010100000010000001000100010100000101000
0100100001001001000100101010000000110010100110101000000000011100110000010111001000010010011100001100
0000000111000001011011000100111100100010011001000010110010010011010101011010011001001011001100011010
0011000100100001001010001000100011010010010001010001001100110001001010000000010000100010011011001000
1000100000010011000100010101001000001110010010001011000110000101100000011000100000100110111011000001
0010000110011101110000110010101001100110001000100000110000000110001010011000100001111111001110100010
0100101010000001000000001011000010000111000010010111010001110011000100000000000010000101101001000001
1100000001000000010100011100001000000000001101100101000111000011010100110001000000000011101100100000
1000010000111101001010010100010100000011010001010001010001101101010101000011100000010011100010110001
0000011000100000100001010011111111010100000000000110010101100111000010000100101110000000001101001000
0001100101000000000100101000000000111001000110010010010001010000100001001000000000011100011000000010
0100100010001001100010011100000100110000101000100000100001100010010010010100111101100001000000100011
0100000010110001000010001000001101110000101001011110010111100000000011010010010100001000001001100101
1011000000011000110000001000100010000000001001000000001011011001000100100000010100000100001001111001
0000000001101010000000000000011100000001000101101000100111000111000000001001000111100101000011011011
1000111010010001110000000000100001000100010011010100000110011001010000101110100010100101011101001010
0011100000011000001100001000000110010000000011000100010000000100000000010001001001001001001000000101
0011000010101100001010101110000000010000000111000011000000000010001000001100010011100011000000001011
0100000000010010000100000000011010000000010000110000110100001101001000010001100010001000001110010010
0010001001010000011000000100001001001001100100001100000100001100000011000000111101000101100011110000
1000011000100100001000001001100000110000010100000110000010001101111111100011010000011000000000010000
0001100100001100001001001000001000101001110001000110100000110000000110001000000010110010100110010010
0100101100000000001001001000100000001110000010010000101000100000010010100011101000000011111000001010
1111001010011100101000001001000000000110100011000111000000010110100010110110011000000000001000100010
