1000100000000100001001000010000101000000001111010100101010000001000110001000010111001000010101010000
0000010000010000000011000100110101100100011000000010001100100001110000001000010001100000110100000010
0010000000010100100001100001011000100111011000010000010110010000000001101110001010100100011000001100
1100100100101011100000101000001110110011000101110001110001010001100100100000010100011010111011010001
0010101100000000000010010101000100000011000010100010001000011011000011011000001001010000100001000000
0000010000010001011100100111101100000000101101001000000000001010001110000000000001100000110101111100
0110011000011010001011000000101100000000100110000001001100000000000101000001101011010101001111101000
1000100000010110000010011010010010011011000000010100000011000000011111010110000000000101001000010010
0010110001110000000000100110100000001000100000101001100001000001100000011001000000000001000010001101
0000011101000010000001111010011001011000100101011001101011010101010000000110000010010001000000100101
0000000001100000000000000000110001000010000000100101010010000000000011011000011011000110010010110010
1011110100110010010100101100010000001001000000001010100000011010100110110000101010000100110101100001
0000010011110000001010011101001000000000000000110000000010101000010100100110100111100001000011000000
0010100011000001001001001100001101001101010001110110001011100001100111100000110000011110000100010001
0111000001101111111000000110101000000111100000000010000001101010000010010000010010011010000000000111
1010000011001001001100100001000100010000011000000001010101001100110010010010011000010100010000011101
1110010011101010000000000001001000000011101000000100000000100010000001101000000000101001100011000000
1100110001100000000010010010100011001010000000100011000001100100000100110110010011010101111001001100
0111111000100101000011001010011100000010010001100101010010000010000000111100101000010100110011000000
1110100101010011100001100010000001111100110000000000010001000001001000101110000100010010011100000000
0110000000101110010011010001000010000110110001100000101000001110110001111001000010000110001001000010
0000110000010000010110000100110110110100100010001000010010100000010011110111000100000000001000100001
0000101001011010011001000001001010001000011010010110101100101001111100010001100100000001110100000011
0010010101000001000000000010110000000001100100000011010000001010001000100110010001000100001100101001
1100000000001000000100010111110100000010111001000011100100010000001110000000110010101100001100011000
0111110010101001101001010000001000101001100000001010010000001000011101000000010000111000001010000000
0000010000101000001111000000110011100110010001000101101100100101010100111010011001000110000000110100
1110001100100000001000100111000010110000010001010110001000010010100010100111010000000010000000110010
0101000101000010000100000110000000011001000001101000000011100010000100010010001010000001000010010100
0000011001001110000000011010000110100000001011010000010000000000000100000011000111101011000001110000
1101100001101101110100000000011000010010000100000000100011110000001100101000100001101100000100000000
1001010001110100101010100010111001100100010000001001100000101000000001101000101000001000000001110010
0100100001100001001101100100010110001101011000000100011000000011010100010110010100001100111000000000
0011001110100001010011000110111000011000010100110000000001010010000010000110100010000000110000100010
1010010100011111001111001011101000101110000101100000100010000100000001000010010110010001001001000000
0101000110110010010000110101011000011011100100110100101110000000100000010001111110100010001000010000
1000000100000101000110010101100001000000001101111000000110000000101100010000001010000111100001000111
0000100000100001001010010011010000100101011101101000000000100001010001111000101000010010100000011010
1100100010100010010100001001001001000000010001000000100101011010011000010000000001011101000000011000
1100100000000111001000010100010001110010001101100001000001000111100010000001011110010001010100100100
0001100101000010001110001010001101110001001011000110001010001011000100000000000010110111100000001100
0000010010000011001010100000101101110001000100001000011100001000010000110000000101000010011000110110
0110010000010000101010010010011100110010000100000011110110101100110011010000001011000111000000001000
0001100010011010010000010100100000000000000010010001001010010000001100001011001001000100100000100100
1000100100100001101100001100000001101101010110110100001000010100110110100010100000011100001100110010
0000010110110111000010001000010010000100101001000001110010001110100010010101000000000001100001101010
0011000011101100100000111111111010000000000100000011000000011010001101001101001010100000111100000111
0000010001100000000100101000110101100001110110101111000100000000100010000000001001011101100010000110
0010000000000010010100101000100011100110001101000000010101001100100000100100011001001110001000100000
0010000101010001011000010001010001010000100100000101010010000000010011111011001000100100100011010011
1001100010110101000110000101000100101010101011110000000101010100000011001010001101011011000100000000
0010000011110001100110010010000111011010000001111001000011110111000000000000011000100100001001000010
0101000101001010010010001100010000010000010010000100100000011111100001010101111100100011111010011110
1111010111111000000100110000010100000000000110000011110100000111110111001110010100000111001000000111
1101010010001010100000001100111111010110010001010000010100101100101111001100011011111001100101100001
1101100000000000000000100100111000011100100000100000001110011000111101010101000101000101100000000011
0101000000101001000001000100101100100010011100010101000000101001101010110010000100000010111010000010
0010010010100101010101001100100000001111011011100001001100001110000010000101101000100000000101000000
0000101110000011001000100000110100011010010010000110000101100101001010000001100001111000101110001000
0100111010001011110011010100011000000110000010001000001110010101000011001011101010110010010101010110
1000111001000000010000101010000010001000000110001100110000001000100000100010000000111001000100010100
1100001110110100010010010101111010110000000000010110001010000011000010101101100100000011110001101110
0100000001101000100001000110000111001100001010100001001100010101000010100010110001110110000110011011
0110011001101010101000010010100000001000111101000101110000011010001010111100110100110101100000100100
1000001010100111111110000000011110000010000001000011000000000000000000001010000100000000000010000001
0010001000100000000000011000010110110000001001000000001011010000001101100100011010010000010110101100
1100000000011011010001010001100011000111011000010110011010000001111001010011101101000110001101000000
0000100101000001100000010001000110001001001000110011101100101110001011101000001000001101110000001010
0010000111101100101010010001000000000000001010100111000010110010000100111100001001000010110010010000
0001010000100011000100001011000100000010010010011010000100110011000000011000101000000000000000101000
0000101000000000111010100010000110000101001100001111010010000000110000000000101010100000000111000001
0010100000010010110001001110111001010011001010101101100100000010000101010100000001000100010000101000
0000011110101100101110101000010101010000001100010001010000010000000000010110101000011000100100000000
0011000000001100001100001000110111001100010010001010101000011000000001010110000011110000000010000000
1100000100001011000000000001101010100000100101101011000000010001000011101000001100000000000100011001
1001001111001011010001100110101110110000001001110101101000000101001001010000001110000001101000100100
0010100111101000111110000100010011101000000001000000011001100001101000011001010001110110001001000010
0100000101010000011000100100111011010000010001000010101000010111110000000100000100000000000000010011
0000110111100011011101011000100010100001101100001010001000001001110000101000000010011000100000000000
0001100010111111111000001010011111101011000010000101001000000010100001100011010000001100010101001000
0101000000000110000010000000010001000000001000010001010100011000110000000000001111000000000001000110
1010110011100001000011000011000001000010100000010000001110100100000000000100000110000011000101100100
0000000001100000010100001011100001101011100000100110010101000010001000100010110010110100000000001000
0000100001100100100100000001100101010110100000101001010110110011100010011001001011000011010000100001
0110011010101001010101100111101010110100110111010111000010001000011000000000000111100000010101101111
0101101100000101000101110000110001100011100101001000110100000000101100011010010100001000101101001010
1100010001010010110000000010000100100000100001101010000010000011011000100001011001000000101111000100
0110101000010100010100001001010000100010011000001010000000110010100001010101000010100110000000000100
0011100001010000000000011011000100011001000010000000000010000000100001110011000001010000000011100000
0110000010101010001000000000011001101001111001011010111011100100010011100011000001000101111110101000
0110100001010101000001011000000010100001100000010100000010100000011100010011000000010000010111110000
1001100010100000000101001100001001110100001100001000100000010110101010110001010110000100001000000001
1001000010010000110010000100110001010111000100111010011101000101010011000000100010000101001001000010
0000111100110010000001001100000000011011010100001000011100110000101110000000010010100010000000000001
0000001110110100100000100101100010001100000000010000001010100000000101100000010111101010011001010010
1110100100011111000000001100011001100101000110101000010011100000000010100010001010000110001000111000
0000000000101110101010100110001000011000001010100000000000100000100010110100000000010001100100000000
1100000100100100110100001101100100000010010101001110110000000010101010101010011000000111010000010001
0100010110100000100000110001111010001000000000000110111111000011011000010001000110010110001010110011
0011100110000010011101011011101101010000101001100111100000100100010100000010110100110000010000100111
0100101101000001011110111011001100100100001101010001011000110101111011010001110000001111001100000001
0000000001010001110010100101101011100000000101101010011000010100000001000011001001000001101100110000
1100000000010010011010100100110000010011110100111011011000110111000001000000000100001010110010000000
0100000011000000000000010000110101111101000011000000110110100011010001010000000001000001011000000000
0010000001011010110100000110000000110001000110011100000110001100000100010000001111010110011110110101
0010001001010100010001001010100000100011100000000000010010010001101000111011010000100101000111000100
0104041000100011010011111110010001010000011101100000000000111000001111111000000110000010110000001000
1014144141114414444444441000000001000110011001001100011100100110101000111110000000001000100100000000
1114444144444444414444141000000000110111001000000010100000100010100001100100000100101111000110001111
1444144444144414444441144100000000011100011001001101010010011000010000001111000100100100001110001110
1555144141414444111110111010000000001000000001111000010000000000010110111000000000001010001100001000
1215111114441144410010100100001000011001010111001010000000010100000101100010010000011100100111111010
4155441444141444144441010000010000111110001000010000011011001100100000000001101101000101000000110111
5554444411441444444144100100000000000001101010000101100000011010100001000101010100000000000000010000
5141441100141141441114410001010110011100010001101001000110010100011100000000000001101010010111010011
5514141111444144444414441100000010010000110001110100010000000110010000110011000101000001010000000001
4555141011114414444414410010101000100000101010100010001011010100100110000110100001111001001000100000
4445510000001101444114444410100011010000000010010001110000010000001000101100100101010100000001001001
4144511410011000141004444444101110000000110010011000001011110111000011000000000111010010101011000000
4444555514411000011101414411010101000101001000100100000101001000000000110010000111010000000110010001
4411144544100101010000101110100100100000000011100000000000000011011000110010011000111100111010100100
4441444544110001100001011010100000110001000000000111001000000101000010010111001001000100001000000001
1410411511444100111101000000000001000010010010010000101000000010001010000001001101001000011101001000
0101104555544111001101000000010101000100101010100011011010100000101100000001000100001100000000000010
1000014144544414111110011000000001010011000000010110000100000101110110000001010001001110000000100000
1000004444544444444100001100000000110110000100001001110010001110011011000100011001101000000100000100
1010014441511114441110111000100000000100101001100001100000100001110010011000101010100000000100010000
0101001444514414444441001001001010110101010101011100011001100000000001101011010011100110000001011001
1000010441555541411110101001001001011110111001110010100000000101100000100000000001000000100000001110
0100001114444514144444410001000000101001000101000001001011000101101100001110010000110101010100001101
0000100004141555544114101011011011100001001000001000000001000001100001110100010110001100100001100011
1101000014144441514111111100000000000010110000100001111010000101100001110100111011010001000101100001
0010101104444414544100000000101101100000100010110011001000010111001001000010001000111100100111111000
0001010111144441511000110000000100110110000001000000010100011100010101010001000100010100101011100001
0100101100114414511100011011000100010010001001000001010001011001111101000000010000010101011100001110
1110101001114104514155555551000001011100111011110011010001000010101000000100101101000111011100100000
1001000100044114555554414455555511011000101100010110000111000001100110000000010001000000000010000110
0100011100044141114111414441144541000000000001011000110010000100110111000110100101110000111011011101
0000000000014444441411104110041510011100100100101000011001011100101000010000111000001110101101000000
0100000001014414444441101001110541101000110100010110100001111010010001101000100001000100001001010100
0111100010144101414141010001110544100000111000100001101100101000100001101100100000010000100100010100
1010000010111004411441110000101511001111000100011001000110000000000001000010010000000000101000100010
0011000010010014444410000000000555300110000011000001011110011100000001000001101010101001110000001000
0000110011000010441441101001100110100000001000001101000000001001000000111101010010100000011000001111
0000010000101100100001000101100011010000100000100001111010000001110010100000000001000100011011000110
0011100100000001110011000101000001100001101000000110000111110000100111000000100101101000110111011000
0010000011000100010010100000001000001110001110011001101001001000010100001101001010001100100000110000
0101000010000010000010100000101110000111000100101001011000101000001011000100000000100110110101011010
1101000010000001001100011000100011010001100010010010100111100000011100000000100101010011001000000110
0110110000100000001000100110101000100100010000001000011011110000101010011011000110100110001101011010
