source,C:\Users\matte\Desktop\Database\Portogallo 19-26 Marzo 2024
20240319_131400.jpg,123.59665124458874,123.32713433441558,122.15285186688311
20240319_132018.jpg,145.77771076839826,147.28462784090908,151.15000974025972
20240319_161002.jpg,95.17674269480518,86.4000863095238,83.98680952380951
20240319_161003.jpg,94.90965543831167,86.23347591991342,82.28479193722943
20240319_161010.jpg,95.74847362012986,85.51797118506492,80.29852732683982
20240319_161037.jpg,164.67813054653678,160.29035511363634,155.34810416666664
20240319_162305.jpg,123.16777083333332,114.4235367965368,106.79374797077921
20240319_162306.jpg,115.97215746753245,106.74262364718614,99.1498354978355
20240319_162310.jpg,113.58068168290042,100.02267613636363,90.80162270021644
20240319_162311.jpg,112.51350919913419,99.45909997294372,91.01959158549784
20240319_162320.jpg,120.68746387987012,112.12805641233766,101.59658928571427
20240319_194656.jpg,70.3650541125541,62.73929856601731,48.28411309523809
20240319_222506.jpg,59.1843859577922,52.530992830086575,45.53112716450216
20240319_222507.jpg,57.410969696969694,50.24663717532467,44.71853246753246
20240319_223200.jpg,56.59647943722943,47.07434794372294,33.989845238095235
20240319_223201.jpg,58.85941585497835,48.52722564935065,35.551218479437225
20240319_223204.jpg,59.113816287878784,49.44592897727272,35.13444913419913
20240319_223205.jpg,57.58496766774891,47.883993641774886,33.97116964285714
20240319_223207.jpg,57.95216057900432,48.396920860389606,35.040327245670994
20240319_223507.jpg,39.39691193181818,35.35022686688311,32.98677827380952
20240319_223508.jpg,41.16872321428571,36.65261647727272,34.39682454004329
20240319_230537.jpg,101.47654071969696,63.48814691558441,45.82293276515151
20240319_230540.jpg,99.31013609307358,65.85860024350649,47.62077989718615
20240319_230541.jpg,102.01031168831167,66.80384767316016,47.622649080086575
20240319_230549.jpg,92.2404319534632,61.08126677489177,47.13292234848485
20240319_230550.jpg,93.08274296536796,63.524895021645015,48.153880140692635
20240319_233435.jpg,85.50955546536795,68.58815476190476,55.80866274350649
20240319_233814.jpg,96.90585538419913,71.13716653138528,55.106910173160166
20240320_074358.jpg,110.48917613636362,139.46310119047618,173.96717031926406
20240320_074359.jpg,109.67476663961038,139.24614637445887,174.77252326839826
20240320_074433.jpg,112.69305194805195,142.37597889610387,175.62196550324674
20240320_074437.jpg,106.99788446969696,141.4563060064935,182.28727015692638
20240320_074441.jpg,88.09975649350649,119.08613257575756,158.05330073051948
20240320_074451.jpg,115.1824024621212,142.0702259199134,173.46597740800865
20240320_074511.jpg,105.67013238511252,140.4078996754268,181.75156209785808
20240320_074512.jpg,105.91026404636963,140.44366963864422,183.99474981412106
20240320_074519(0).jpg,95.42134104437228,127.72156507034632,169.01647294372293
20240320_074519.jpg,93.38488582251081,125.86203584956709,164.1267067099567
20240320_083138.jpg,116.8711827651515,125.9241975108225,137.02531709956708
20240320_083139.jpg,115.08232210497835,124.97477137445887,137.19503165584413
20240320_083318.jpg,98.36513081709955,118.9543574134199,146.3068206168831
20240320_083319.jpg,99.73092559523809,120.66360051406926,148.46672930194805
20240320_083325.jpg,97.43468790584414,119.53640124458873,149.0933545725108
20240320_083326.jpg,98.44775419372293,120.62133346861471,150.31916206709957
20240320_083334.jpg,92.95591883116883,118.27018168290043,154.87785308441556
20240320_083335.jpg,93.30098944805194,119.10180262445887,155.52824756493504
20240320_083604.jpg,108.4057636634199,120.96841084956709,139.96224025974024
20240320_083605.jpg,107.69279342532467,120.44838487554112,139.27883942099567
20240320_083609(0).jpg,112.465970508658,126.18129342532467,152.18920156926407
20240320_083609.jpg,112.34279802489176,125.55131317640692,151.65134185606058
20240320_083624.jpg,117.52700036550229,133.71520322017358,157.28437408401012
20240320_083625.jpg,117.0083987335211,133.31726795072063,157.707712098573
20240320_083747.jpg,112.34163763797935,126.31856999681861,159.1509695417727
20240320_083748.jpg,110.67746376701507,124.90221148999828,157.59804744470102
20240320_083753.jpg,115.5240302124739,130.6116276648603,161.235403701314
20240320_083758.jpg,109.37767329545454,129.5820826569264,158.79988825757576
20240320_083759.jpg,116.92645373376622,134.3861856060606,161.44721875
20240320_083938.jpg,99.63458319805194,130.4569979707792,170.50162215909089
20240320_083940.jpg,109.34860240800865,136.28661512445888,170.36198566017313
20240320_083947.jpg,122.86225297619046,145.70350703463203,170.06273079004328
20240320_083948.jpg,110.69092316017316,134.3027939664502,161.29916639610389
20240320_085507.jpg,102.77530073051948,117.603924512987,132.4148804112554
20240320_085512(0).jpg,99.07123877164501,114.53697889610389,129.73460362554113
20240320_085512.jpg,97.43196239177489,112.8126663961039,128.16842654220778
20240320_085518.jpg,96.92714894480518,118.0787646103896,136.39038933982684
20240320_085521.jpg,107.87937459415583,125.20839015151515,141.29057481060605
20240320_085525.jpg,136.0549724025974,157.04814556277054,181.76282278138527
20240320_085538.jpg,115.53888122294371,138.2434668560606,169.41593601190476
20240320_085539.jpg,114.9717857142857,137.98189407467532,169.4622489177489
20240320_085544.jpg,157.441144802876,158.62691118413116,162.6871378947908
20240320_090230.jpg,108.34741517857142,130.3857855790043,152.923159767316
20240320_090233.jpg,98.49508306277056,120.84831385281385,147.6499676677489
20240320_090239.jpg,110.112362012987,126.025422754329,147.0239786255411
20240320_090244.jpg,102.23969578412307,121.51841776376934,146.81340426073808
20240320_090253.jpg,98.47227968879578,120.3951502134033,146.48710364447797
20240320_090256.jpg,108.25807478588177,129.89703112042093,151.925631005319
20240320_090259.jpg,107.12971276791586,128.04007254639822,147.45613011703222
20240320_090855.jpg,92.87852812491063,136.6925775999814,194.2022412931811
20240320_093023(0).jpg,89.89355270471702,121.09365773077582,134.8169068049558
20240320_093023.jpg,90.37006214432783,121.44551424118504,135.21903529733478
20240320_093056.jpg,79.97312843161085,119.26257575906517,145.59151364422775
20240320_093057.jpg,81.15762052192656,120.31851514913208,144.88339851010895
20240320_093102(0).jpg,84.38191112012986,124.10001542207792,138.45452178030303
20240320_093102.jpg,84.70018790584415,123.8584134199134,136.84647984307358
20240320_093106.jpg,90.5640837688381,126.11467444826131,136.81821108517542
20240320_093109.jpg,96.41878800240927,135.8940261150948,165.02725851825903
20240320_093110.jpg,97.20084183937917,135.495208591002,161.00683105035887
20240320_093333.jpg,57.969112821356056,78.78912907682518,114.26260848894735
20240320_093334.jpg,58.2055522614673,78.87584393945352,113.83229063152363
20240320_093339.jpg,74.12632706826045,88.05177096589121,110.1386388658526
20240320_093346.jpg,83.89732318722943,110.68338744588743,140.79365381493506
20240320_093354.jpg,92.03488271103896,126.70530032467532,170.29092410714284
20240320_093355.jpg,91.99224891774891,126.49178828463202,169.84639921536794
20240320_093401(0).jpg,82.69401785714285,109.10088731060605,138.7021662608225
20240320_093401.jpg,82.8016737012987,108.99119588744588,138.68957548701297
20240320_093421.jpg,86.09444034090909,105.14058563311687,138.22956358225107
20240320_093422.jpg,85.91203652597402,104.62468844696969,137.16265625
20240320_093427.jpg,96.9157173139066,121.71765851986758,159.40422655602103
20240320_093430.jpg,84.26756019617375,111.9847177142612,154.66953643316222
20240320_093431.jpg,84.58951142440446,110.92350948339957,152.70204860018873
20240320_093513.jpg,76.49047437551832,109.16270661157024,153.13591770568217
20240320_093517.jpg,75.96020683051417,108.37712096338899,151.98802019288513
20240320_093521.jpg,77.48894467242414,116.48287925555492,167.88870577779605
20240320_093523.jpg,97.45860440676027,124.51221628889158,168.29410156138292
20240320_093524.jpg,97.63058988407589,124.4083632556693,165.3061113057279
20240320_093528(0).jpg,97.45191611677485,121.81040495242213,155.745503606766
20240320_093528.jpg,99.49158808516114,123.72881181367782,158.1670433768123
20240320_101229.jpg,118.28076352001058,127.58785102519373,145.01056426763705
20240320_111010.jpg,101.77461365334295,121.13546440239926,134.41960401534214
20240320_111011.jpg,102.20243521494037,121.39635339961822,134.41609934870885
20240320_111021.jpg,104.42335611094826,114.01167585486431,118.78340257621035
20240320_111027.jpg,106.64988934395464,123.30614582290742,131.27363276223227
20240320_111039(0).jpg,116.0856772186147,122.55194899891774,122.95194764610389
20240320_111039.jpg,116.51702489177488,122.66879207251081,122.91318858225107
20240320_111057.jpg,118.19777083333332,119.14939434523808,118.1893712121212
20240320_111100.jpg,119.93032792207791,116.65888460497834,106.36814853896104
20240320_111104.jpg,121.94145968614718,127.67921834415583,123.14303544372294
20240320_111110.jpg,110.88007927489177,121.59522253787878,136.11120021645021
20240320_111751.jpg,124.36882231851783,126.39896810389202,131.78903926513482
20240320_111807.jpg,163.980639325188,151.2659087334496,132.60016371643454
20240320_111810.jpg,165.53558754718463,154.9600704373874,139.11386781863936
20240320_111811.jpg,162.61116710068202,152.1764871207355,136.73598602512223
20240320_111812.jpg,165.52881581275557,155.2370664463525,138.7527265220624
20240320_111855.jpg,103.94627909273213,115.15268076725098,125.90790727144041
20240320_111857.jpg,101.76084252748862,114.86116966992192,127.38928184606365
20240320_111902(0).jpg,108.86902867965367,124.1997489177489,131.33142762445885
20240320_111902.jpg,109.87556033549782,125.04103057359306,131.70269237012985
20240320_111907.jpg,104.0510184020132,116.0855601568532,126.99362571581257
20240320_111908.jpg,102.25573230933112,114.65443555810145,125.78908953287197
20240320_111955.jpg,98.03015628574595,118.09960563284623,135.69637281413537
20240320_111958.jpg,96.7242157786182,117.36728122140323,139.4802832061969
20240320_112302.jpg,28.867895381444992,25.956549685078212,21.647546420579655
20240320_112303.jpg,26.690412736101976,23.278279065029025,19.25755434724327
20240320_112333.jpg,87.94019423900454,79.74532186096971,65.72630200141553
20240320_112403.jpg,94.9566731202994,117.21825804641253,140.16662626630014
20240320_112421(0).jpg,90.35935042466184,110.49486755233205,132.1568818096028
20240320_112421.jpg,86.8383852036804,106.96360247201092,129.2283201952086
20240320_112426.jpg,105.8882076569264,113.4110834686147,113.94204653679652
20240320_112430.jpg,92.2052693452381,105.36248633658008,114.73141314935064
20240320_112431.jpg,93.27038501082251,106.27125676406925,115.41912405303029
20240320_112530.jpg,111.34948579545454,134.89364109848484,155.64486958874457
20240320_112533.jpg,118.80660267857142,127.00810606060605,123.51907697510822
20240320_112536.jpg,113.49320089285713,120.22094859307359,115.10993046536795
20240320_112542.jpg,112.04618487982212,125.62799148889015,131.9171494975907
20240320_112543.jpg,108.91989489798107,121.81719992171637,128.26243199333695
20240320_112547.jpg,114.32983332112013,127.02502227419285,131.7463084490906
20240320_112751.jpg,124.4594846506906,120.36379442774313,109.74622020128542
20240320_112754.jpg,133.2812083336312,117.24003436525922,94.29742459392604
20240320_112757.jpg,130.731699080793,126.80873081336325,117.23570150973003
20240320_113955.jpg,86.6182329572264,115.65503039299092,132.4706975955489
20240320_114001.jpg,91.75406006493506,114.38381574675324,125.48906222943722
20240320_114002.jpg,90.24285714285713,114.44365909090908,123.88120089285714
20240320_115108.jpg,84.34929058441558,115.7750541125541,161.74197456709956
20240320_115109.jpg,84.20697646103895,115.66567397186147,160.95495914502163
20240320_115110.jpg,81.55934794372294,113.39564650974025,159.2429403409091
20240320_115809.jpg,93.99970928030302,119.9230366612554,156.00141639610388
20240320_115812.jpg,97.61158833874458,124.70416761363636,160.28287892316015
20240320_120428.jpg,85.86797930194804,108.32975040584415,142.25586985930735
20240320_120431.jpg,99.79353436147186,124.62947632575757,157.71437324134197
20240320_120446.jpg,109.34625338203462,128.21887919372293,158.1866321699134
20240320_120447.jpg,109.85603449675324,128.95543398268399,159.43477895021644
20240320_120452.jpg,104.84877978977808,128.0550941101404,164.01079505240355
20240320_120453.jpg,100.89450019570906,122.14378259583488,156.3614081624081
20240320_120454.jpg,101.18331582526666,122.97325834578483,157.81420887965055
20240320_120458.jpg,104.83821536796536,116.3531965638528,138.13899999999998
20240320_120459.jpg,102.1930753517316,115.24511904761904,139.3289751082251
20240320_131831.jpg,103.84265882034632,105.6281561147186,119.9711865530303
20240320_131833.jpg,102.69731912878787,104.71947172619046,118.9214264069264
20240320_144218.jpg,117.18174607683981,128.41431182359307,150.41674932359305
20240320_144219.jpg,114.86559077380952,125.1546459686147,145.8052620400433
20240320_144223.jpg,133.48396246943722,145.80981938913752,166.62360043449198
20240320_144224.jpg,132.45527925180158,144.8366734196717,165.56923811089823
20240320_150542.jpg,109.09235501444135,118.83595626662186,121.60764634837284
20240320_150551.jpg,107.78283130411255,113.63261904761904,114.46175838744588
20240320_150552.jpg,109.93481479978354,116.49086147186146,118.35223823051948
20240320_150557.jpg,150.56426609848484,157.57469115259738,167.78569818722943
20240320_150559.jpg,149.22519791666664,156.14476149891775,166.23739678030302
20240320_151235.jpg,101.50060037878787,105.56086999458874,102.18065854978354
20240320_151236.jpg,101.30443520021645,105.11437175324674,101.77369629329003
20240320_151308.jpg,102.14417329545454,98.67309604978354,91.22506966991341
20240320_151309.jpg,105.41308969155844,101.59860687229437,93.94250067640692
20240320_152152.jpg,107.21665543831168,121.11613379329003,135.21961620670996
20240320_152153.jpg,108.7384235660173,122.89821929112553,137.11141341991342
20240320_152156(0).jpg,103.28923850108224,120.68257386363635,139.50629261363636
20240320_152156.jpg,104.00865381493506,121.50113433441558,140.29749458874457
20240320_152201.jpg,109.63863081709955,131.40201325757576,159.01037378246752
20240320_152430.jpg,49.30700446428571,55.0736681547619,60.462116747835495
20240320_152432.jpg,51.57656344696969,57.14164813311688,62.73514488636363
20240320_152434.jpg,57.505268804112546,61.81775487012987,65.64897781385281
20240321_093201.jpg,100.23425554653679,116.11177529761903,138.23983062770563
20240321_093202.jpg,104.07313541666666,119.73707954545453,141.99098024891774
20240321_093212(0).jpg,106.4455688654594,122.62302123845406,144.7899696650962
20240321_093212.jpg,100.48888490966999,115.8002217142326,137.04579960554346
20240321_093226.jpg,122.13127263165231,131.27173833877862,144.27575998116188
20240321_093230(0).jpg,126.81067327043237,136.94461333162943,151.37229749474534
20240321_093230.jpg,127.23906497987502,136.0781562777031,151.21857316927134
20240321_093232.jpg,125.5980980475564,135.91925214118217,150.71758859185994
20240321_094710.jpg,129.72300231544367,138.1741212976136,147.46654268780918
20240321_094711.jpg,131.37660856758842,138.88453847068118,148.01240328487373
20240321_094714.jpg,120.50855947857387,129.08571777413565,140.10227831257686
20240321_094719(0).jpg,126.12910653900597,133.21007725145842,138.1971283940776
20240321_094719.jpg,124.42310689467814,131.35604705238924,134.9743277081129
20240321_094720(0).jpg,127.33385440497297,132.98520910931825,132.85991833838543
20240321_094720.jpg,129.44306117561268,136.72902740641712,140.45768093257598
20240321_094721(0).jpg,119.31102771383225,127.94871383850696,139.29844636946294
20240321_094721.jpg,127.47731785653006,134.66037128420885,139.41079788973803
20240321_105711.jpg,149.39884433355257,152.40090933219423,154.05843535077497
20240321_105713.jpg,149.76207900211614,152.21764824290798,154.47891815786838
20240321_142417.jpg,111.44763528138527,114.071832521645,110.17430181277055
20240321_142421.jpg,126.39948295454545,129.62863162878787,128.72395833333331
20240321_143354.jpg,127.37281872294372,128.0073612012987,114.46117681277056
20240321_143433.jpg,116.31330221861471,115.56213108766232,89.92485781926406
20240321_153503.jpg,108.21533522727272,108.13153436147185,105.79473850108224
20240321_163543.jpg,146.80285497835496,150.55275608766232,149.15095819805194
20240321_163544.jpg,147.53038528138526,151.15311850649348,149.64979518398266
20240321_163550.jpg,125.82502435064934,124.26514434523808,109.73379369588744
20240321_163552.jpg,121.74727448593073,121.03912080627704,105.6359145021645
20240321_163933.jpg,97.11015313852813,108.43598187229436,76.260362012987
20240321_163936(0).jpg,100.56605100108224,106.58305952380951,81.60366761363636
20240321_163936.jpg,94.68477516233766,101.05644412878787,76.7362095508658
20240321_164641.jpg,116.99112648809523,115.48364272186146,115.03256222943722
20240321_164706.jpg,119.19062878787878,117.15401718073592,110.62314245129869
20240321_164707.jpg,116.42652069805195,114.21410592532466,108.72474134199133
20240321_164709.jpg,117.06839393939393,116.1266369047619,112.08278260281385
20240321_164710.jpg,117.60995278679653,117.54015976731601,112.89205181277056
20240321_164720.jpg,127.01227225363893,126.32868207823357,119.08422426381223
20240321_164722.jpg,127.87020803247161,127.14566126873086,120.44421118973233
20240321_164910.jpg,83.28004536160599,83.6921275361749,77.83876701507049
20240321_164911.jpg,82.20846153468071,82.73589509637107,76.71359733353113
20240321_164927.jpg,78.84301754321685,79.42210019946238,75.66191684956675
20240321_164928.jpg,81.20765155387629,82.01118211397952,79.28313146554805
20240321_164929.jpg,81.6912661705725,82.5009009095556,80.33842888075867
20240321_165029.jpg,62.528828435542906,61.388944158576166,59.68429269495839
20240321_165030.jpg,62.307802200699186,61.27503914181131,59.52068305141697
20240321_165121.jpg,57.931102704359574,55.604904634283216,50.846288520725494
20240321_165127.jpg,57.488924453623206,55.39021582061969,50.872190256906116
20240321_165129.jpg,58.51589275947982,56.19095663301781,51.53956707637479
20240321_165130.jpg,58.85819884665703,56.31003911500186,52.353313827961905
20240321_165134.jpg,58.34448223337098,55.95486694465097,52.07784037290171
20240321_165139.jpg,62.23280519480519,57.96706912878788,53.46057738095238
20240321_165140.jpg,63.591375270562764,59.11022781385281,54.879670319264065
20240321_170433.jpg,119.12554383116883,124.82229545454544,102.83695657467531
20240321_170439.jpg,117.23057508116882,123.45218574134198,92.35608252164502
20240321_171200.jpg,127.58462689393939,142.22560497835497,156.20804193722944
20240321_171208.jpg,117.15188758116882,120.09418384740259,111.1824613095238
20240321_171220.jpg,124.68756831709956,138.568362012987,140.36512811147185
20240321_171221.jpg,126.09539975649349,140.4595534361472,143.42034483225106
20240321_171458.jpg,102.73861079545453,114.75276217532466,129.63779477813853
20240321_171704.jpg,115.61349512987012,129.64396617965366,133.48062283549783
20240321_171705.jpg,114.76530681818181,128.45203882575757,132.2665882034632
20240321_171707.jpg,111.24780830627705,123.87628368506492,129.34334253246752
20240321_171710.jpg,116.81131195887446,125.56296401515151,121.45440246212121
20240321_172040.jpg,99.97138947510821,103.87386404220779,92.68210186688312
20240321_172042.jpg,95.08196022727272,96.16067870670994,83.8408978625541
20240321_172109.jpg,107.02873092532467,110.03466139069263,101.38135579004329
20240321_172110.jpg,107.92146874999999,111.48140395021645,102.49043668831168
20240321_173206.jpg,122.67804575570504,133.25240246271696,140.78717064578626
20240321_173207.jpg,116.50751022334066,126.74168526945293,132.24022616460292
20240321_174552.jpg,106.69567777888987,114.53751615269952,110.72008175991591
20240321_174553.jpg,106.64144793870999,114.25760439156824,109.99671450070062
20240321_174554.jpg,106.13791288802224,113.73649741556807,109.1411825250579
20240321_174604.jpg,107.13518390842603,120.17691651891674,122.8786337988647
20240321_174616.jpg,130.78464128495952,135.8583934386528,133.75137242092995
20240321_174617.jpg,130.80736878109897,135.61003630000857,133.12800355314707
20240321_191045.jpg,94.45610382436104,104.61412359618907,125.60514751544153
20240321_191120.jpg,106.24382220681174,114.92893582977065,131.64396456504332
20240321_191128.jpg,98.43499432086276,108.20454031606565,129.82742002291315
20240321_191129.jpg,100.21839332247848,109.95368643477079,131.6974744595213
20240321_191136.jpg,110.6050027056277,119.41281168831168,139.11104329004328
20240321_191138.jpg,113.11609970238095,122.23223566017315,142.25047118506492
20240321_191139.jpg,113.65346929112553,123.00005654761904,143.1899897186147
20240321_192731.jpg,123.39090882034631,107.78865449134199,77.12341287878787
20240321_205129.jpg,41.89967207792208,37.57031723484848,32.62686431277056
20240321_205134.jpg,43.28619832251082,38.79364759199134,33.97488812229437
20240322_095053.jpg,143.76509280303029,143.66710240800865,139.77158982683983
20240322_095059.jpg,144.98536864177487,143.1696221590909,140.0288511904762
20240322_101226.jpg,168.1780891504329,166.9239860660173,159.38857291666665
20240322_101227.jpg,168.84503057359305,167.68529883658007,159.973692775974
20240322_101232.jpg,162.4456372295819,162.91611331196916,152.87352771383223
20240322_101233.jpg,164.11038381763132,164.48601138240298,154.72510238979524
20240322_101245.jpg,131.73367454036577,128.8880078897843,126.26142714315012
20240322_101250.jpg,129.7537186942045,128.47781771009264,126.79052279622883
20240322_101259.jpg,139.05626769424347,140.62960876955302,140.80815150561926
20240322_101300.jpg,142.9822615209185,143.6858456329177,144.04129896747833
20240322_101305.jpg,142.8163665943407,144.1538257545969,143.37991272180358
20240322_101315.jpg,149.11380343614718,150.38863189935063,147.17165868506493
20240322_101316.jpg,148.50589745670993,149.82270156926407,146.63817140151514
20240322_101326.jpg,166.85615543831167,166.2333261634199,159.6851542207792
20240322_101327.jpg,166.15470143398267,165.26278909632035,158.48682819264067
20240322_101330.jpg,163.24442884199132,165.32684956709954,152.53202583874457
20240322_101515.jpg,175.2883088474026,166.90205100108224,160.63007778679653
20240322_101530.jpg,178.19802502705627,168.48993601190475,161.80960132575757
20240322_101532.jpg,176.99709483225107,167.93195089285712,161.4389071969697
20240322_101544.jpg,175.96983400974025,167.3889779491342,161.09952340367965
20240322_101547.jpg,175.00623823051947,167.97117992424242,162.4978739177489
20240322_101549.jpg,169.6158261634199,163.21956317640692,158.30738541666665
20240322_101550.jpg,181.68290124458872,174.01517559523808,168.2272820616883
20240322_101551.jpg,179.26925121753246,171.89940205627704,166.12436701839826
20240322_101605.jpg,170.06893709415584,162.44379870129868,156.56674310064935
20240322_101610.jpg,170.76333049242422,165.75577353896102,161.04962716450214
20240322_101612.jpg,152.2255898268398,148.45102326839825,145.63577719155842
20240322_103047.jpg,147.24086300097943,144.1565646760345,137.5452219733907
20240322_103048.jpg,153.6740112671223,150.51144987345933,143.926952041451
20240322_103049.jpg,152.88054542505503,149.69288724924218,142.9623467839372
20240322_103055.jpg,128.25950615710804,127.51482727524971,123.45449538254596
20240322_103112.jpg,150.567472819676,150.9629612790972,144.78107696727815
20240322_103120(0).jpg,154.5630056934356,154.7780419130158,148.09941629103633
20240322_103120.jpg,154.22942876637163,154.4542228473791,147.8994400620907
20240322_103129.jpg,149.1054943181818,149.08339177489177,143.2546321699134
20240322_103131.jpg,149.5036478625541,149.4563039772727,143.59762337662337
20240322_103137.jpg,161.18080059523808,158.11517505411254,151.2795349025974
20240322_103139.jpg,148.98752813852812,148.28177326839827,142.57900974025972
20240322_103140.jpg,156.9927123917749,157.0241975108225,151.7243058712121
20240322_103217.jpg,164.22105735930734,162.42788555194804,152.13425527597403
20240322_103219.jpg,160.59142857142857,157.77015192099566,145.4284300595238
20240322_103245(0).jpg,155.55245278679652,153.58321198593072,145.77596428571428
20240322_103245.jpg,158.68072943722942,156.76342288961038,149.08293682359306
20240322_103251.jpg,160.02954547688665,159.1484674372301,151.4894059068389
20240322_103252.jpg,152.8399780207112,152.41665508646943,143.7430725472919
20240322_103256.jpg,161.9926171215934,162.56558543370556,155.84839876033058
20240322_103258.jpg,162.94011436915554,163.11529162436727,156.38728699884183
20240322_103301.jpg,160.086955365824,161.2530410863908,156.03731374127798
20240322_103402.jpg,142.24660781926406,137.0830457251082,127.16599053030302
20240322_103403.jpg,137.58283509199134,132.85676109307357,123.40472037337662
20240322_103406.jpg,137.40027800324674,132.59135917207792,123.21411268939393
20240322_103407.jpg,137.8810780573593,132.95673836580085,123.5707195616883
20240322_103408.jpg,137.60702678571428,132.49118601190474,122.94669724025972
20240322_103409.jpg,141.3963794642857,135.96756385281384,125.95849458874459
20240322_103410.jpg,138.28897172619045,133.18626758658007,123.7055008116883
20240322_103413.jpg,141.76630262445886,135.35447727272725,124.76500919913418
20240322_103414.jpg,138.50811783008658,132.62210633116882,122.7313134469697
20240322_103416.jpg,138.1196367694805,132.1919318181818,122.26394899891774
20240322_103417.jpg,138.334488771645,132.56282494588743,122.79475892857143
20240322_103433.jpg,134.91901677489176,129.32475121753245,118.93087892316017
20240322_103434.jpg,140.2213961038961,133.2899879599567,122.06305140692639
20240322_103435.jpg,140.32858617424242,133.49854748376623,122.46662513528138
20240322_103436.jpg,135.90086999458873,129.33877962662336,118.39642018398267
20240322_103437.jpg,138.89137540584414,132.37920657467532,121.27497794913418
20240322_103439.jpg,134.4103492965368,128.61577326839827,118.36330803571428
20240322_162411.jpg,148.37314556277056,153.82998511904762,154.40812635281384
20240322_162412.jpg,149.86946482683982,155.0135880681818,155.98376609848484
20240322_162415.jpg,147.18405476100259,151.82633558026393,153.89589183008522
20240322_162417.jpg,147.0146832060182,153.55777125811431,156.66469017647773
20240322_162441.jpg,148.42888958345247,154.13309522809487,154.53707100396065
20240322_162442.jpg,148.71554559931653,154.72517321145156,156.25226383546854
20240322_162444.jpg,148.68945519156253,154.72385150508308,156.3630338210272
20240322_162451.jpg,150.20942019628097,154.41469699054878,150.89826055756527
20240322_162457.jpg,111.89574332391842,115.56661128906805,117.36933559252999
20240322_162704.jpg,131.44511064710886,135.43425505000857,132.97064542880835
20240322_162705.jpg,138.14509413694987,142.78104166815606,140.63155871092968
20240322_162706.jpg,151.6237082308616,156.3823968416669,153.6441539068532
20240322_162710.jpg,131.33331240706053,134.3726929342775,127.85065533490376
20240322_162715.jpg,135.68952523127626,139.1939728089522,135.05915753059853
20240322_162717.jpg,136.59175660495723,139.0572027858603,134.1579821145157
20240322_162726.jpg,160.42277680320424,161.27164115448682,154.81645942209528
20240322_162727.jpg,158.1684278619992,159.29288262461037,153.57383481619433
20240322_164309.jpg,141.04148227715976,146.62629880662158,144.96680273956932
20240322_164310.jpg,146.40673681510765,149.65103086841202,145.9343444148746
20240322_164312.jpg,140.16011759969544,146.07314849402326,144.48304346349624
20240322_164318.jpg,148.84644490924103,151.87904733478223,150.29643353756182
20240322_164319.jpg,147.7120327781392,151.1206883686265,149.9347363915182
20240322_164320.jpg,148.1047914760216,151.4385135092868,150.28441608549716
20240322_164323.jpg,145.6612528686122,149.3781057642126,148.64204355554205
20240322_164324.jpg,144.37451251465583,147.98376050484,146.8386197864537
20240322_172532.jpg,157.01356520562769,161.75020968614717,165.22606723484847
20240322_172533.jpg,157.76737053571426,162.47730465367965,166.1242968073593
20240322_172534.jpg,153.00663974567098,157.38724458874458,160.99527137445887
20240322_172548(0).jpg,159.7281737012987,163.94894223484846,168.07141206709954
20240322_172548.jpg,159.42641693722942,163.6182701569264,167.8858206168831
20240322_173253.jpg,145.90243966450214,149.6960631764069,152.34788474025973
20240322_173254.jpg,148.64579626623376,148.81000852272726,149.05096631493507
20240322_175253.jpg,175.9577928841991,173.35204802489176,170.6108216991342
20240322_175256.jpg,182.61666247294372,178.82088338744586,174.69702421536795
20240322_175258.jpg,182.6291258116883,178.31259023268396,174.3647690746753
20240322_175339.jpg,162.3852186147186,160.81721252705626,157.34762242965365
20240322_175345.jpg,162.6271846590909,161.28063704004327,159.4611589556277
20240322_175349.jpg,166.8350872564935,168.30439569805193,169.59445238095236
20240322_175351.jpg,167.8635201569264,169.54208373917749,169.27121198593073
20240322_175353(0).jpg,165.09956371753245,166.07293425324673,165.5691413690476
20240322_175353.jpg,164.7492278138528,165.93513298160173,165.24492302489176
20240322_184536.jpg,118.11709077380951,130.45875595238095,144.80473863636362
20240322_184537.jpg,118.70740354437228,131.12894805194804,145.53581358225108
20240322_184539.jpg,120.62472510822509,136.40317194264068,154.2163279220779
20240322_184545(0).jpg,120.85998944805193,130.03324485930736,142.0104078733766
20240322_184545.jpg,119.79141341991341,129.62961025432898,140.99688325216448
20240322_185157.jpg,125.0059898538961,140.73792424242424,160.23072348484848
20240322_185158.jpg,123.04648647186146,138.62696617965366,157.40550879329004
20240322_185205.jpg,111.44405737045669,126.88783759812262,145.7509546401813
20240322_190146.jpg,109.43772553458062,127.66571898949783,153.28567076821614
20240322_190147.jpg,111.12120299854871,129.11658227644483,154.88461700005718
20240322_190224.jpg,106.26385892683518,120.66879571012896,139.71640417226686
20240322_190226.jpg,105.36923194472246,119.55190713560582,138.3141994963396
20240322_190229.jpg,103.6951801282922,114.1663764914996,132.32003848497953
20240322_190231.jpg,103.3668588607052,113.66320470899224,131.42110087684804
20240322_190233.jpg,105.78922034069461,116.79570599584632,135.9753628883797
20240322_190241.jpg,109.25051675233777,121.40040486752551,141.55152912222252
20240322_190245.jpg,100.17447060253366,113.73261540578798,135.66621764545025
20240322_190246.jpg,99.32781021225942,113.49229406760273,136.30186446388228
20240322_190256.jpg,107.80509936032628,121.33817150994452,142.1637229135091
20240322_190257.jpg,105.6874399021276,118.87228710607967,139.08720145432383
20240322_190259.jpg,107.04047669900483,119.59967723644513,138.58984777141896
20240322_190301.jpg,106.51583679473246,118.71692382896279,137.5985444250622
20240322_190305.jpg,105.70395944443649,116.32791208820669,134.4780195941405
20240322_190329.jpg,113.63334712531098,126.26662409920215,148.33492924089907
20240322_190331.jpg,106.99546618522834,119.04380352955474,141.37515113832964
20240322_190333.jpg,97.23683275722783,111.95237802142611,135.27314784612798
20240322_190334.jpg,95.82916934016556,111.31389632603162,134.74681213181674
20240323_083051.jpg,140.62585801441992,142.1146813740384,140.81085836741113
20240323_083053.jpg,141.596367720338,142.97492589418485,140.95083625407503
20240323_083101.jpg,135.16845630411254,129.7643823051948,120.90363541666666
20240323_083103.jpg,131.5119108495671,128.46560362554112,122.61803354978353
20240323_083420.jpg,142.72565153689695,150.11161269624523,144.67846387157195
20240323_083421.jpg,145.54021050341015,151.8093813895879,146.5554586070877
20240323_083423.jpg,140.03314029032856,147.217216498899,139.51756846242387
20240323_083512.jpg,134.11489305706482,124.01015419460808,93.0984727097572
20240323_083514.jpg,130.5813061658183,120.15560076424833,87.79687399464525
20240323_083521.jpg,134.9354226019832,133.19083219244186,117.73039871028625
20240323_083522.jpg,135.07732507274298,130.1035253992822,113.7838428098816
20240323_083611.jpg,136.55522983303067,125.11170273134776,107.913018941777
20240323_083612.jpg,136.75369534891618,125.47158443013811,108.12852544396465
20240323_083614.jpg,138.85411319668847,126.79853260655865,108.49961729496124
20240323_083619.jpg,148.83810890151514,140.67683671536795,127.61216409632034
20240323_083625.jpg,128.02420711580086,107.28022091450215,80.29696645021644
20240323_083627.jpg,132.84454085497833,110.73719615800864,81.9236700487013
20240323_083832.jpg,119.0831837121212,119.39038189935064,114.4031680194805
20240323_083835.jpg,106.81933238636363,104.61124012445886,97.82857873376622
20240323_083903.jpg,120.3829319534632,119.53645278679653,114.53131277056276
20240323_083906.jpg,114.99921996753245,112.86805817099567,106.75646915584414
20240323_083914.jpg,118.8024692406131,121.78003743047412,122.13349357198518
20240323_083915.jpg,119.51719960893934,122.34733621207354,122.49268012382394
20240323_083917.jpg,129.00139118755183,131.4152582019074,130.91044411657467
20240323_083918.jpg,125.01175874077754,127.76381815411507,127.1082450929752
20240323_083933.jpg,124.11827652259858,127.22713052542966,127.51530496207354
20240323_083934.jpg,129.07567550902226,132.1674303266822,132.25661579273785
20240323_083945.jpg,112.74225955042323,106.27739736891961,97.30692776548514
20240323_084205.jpg,123.36444422202521,121.05230927750293,114.899757195659
20240323_084207.jpg,123.7072556675198,121.43121016561096,115.28598276330463
20240323_084210.jpg,123.68275986409391,121.39126686315021,114.81259104045725
20240323_084213.jpg,123.47485674811976,120.22233353112756,111.96718052954044
20240323_084214.jpg,126.78378483442476,123.95461918055992,117.4714777508293
20240323_084217.jpg,131.3085688395436,128.77101861648887,119.59421201635733
20240323_084603.jpg,92.70249788205267,89.74831491374502,82.3663913707498
20240323_084605.jpg,93.08201024925648,89.6494177208742,81.64338313488375
20240323_084620.jpg,91.50837873813234,88.33652998906173,79.92504186743973
20240323_084621.jpg,93.76155241964311,90.42771387693385,81.96094085118247
20240323_084627.jpg,96.00168072971775,92.23437801606423,82.68372042469758
20240323_090706.jpg,125.11905489058165,124.20111149786239,107.09713648159799
20240323_090714.jpg,135.1256827651515,134.33942302489177,126.40959699675324
20240323_090715.jpg,137.08156723484848,135.29609983766233,126.62679545454544
20240323_090716.jpg,137.08858008658007,135.43772199675323,126.4327939664502
20240323_091013.jpg,147.67180005411254,147.9818104707792,144.43441274350647
20240323_091014.jpg,146.61428436147185,146.96142965367963,143.86092167207792
20240323_091019.jpg,143.44120305663586,144.2636676860219,139.0986146881881
20240323_091020.jpg,142.2063969828634,145.09813021890815,140.91195214868884
20240323_091749.jpg,124.13990337870685,128.54098875968714,125.20450412329491
20240323_091750.jpg,124.99832988236008,129.55252252441448,126.43820274296519
20240323_091754.jpg,131.8635091991342,131.58934943181816,123.28033198051948
20240323_091759.jpg,134.60958712121212,134.84842978896103,126.6492416125541
20240323_091801.jpg,134.49458793290043,135.99297443181817,129.80255695346318
20240323_091815.jpg,152.81096076839825,155.9292993777056,155.83724932359306
20240323_091816.jpg,152.33606777597402,155.75695819805193,156.25922253787877
20240323_092449.jpg,150.55265367965367,148.18378382034632,140.4940082521645
20240323_092451.jpg,149.78714136904762,149.51288189935065,144.1747417478355
20240323_092455.jpg,139.71509006191198,145.63930340533759,142.97183811465155
20240323_092457(0).jpg,140.82325405627125,147.30285574365865,145.60696773392146
20240323_092457.jpg,140.84154492193085,147.16515029383166,145.40184151945294
20240323_104037.jpg,136.03378327922076,140.38867708333333,132.5501543560606
20240323_180415.jpg,185.4016791125541,180.56265990259737,176.75693425324673
20240323_180416.jpg,186.45419318181817,180.50694223484848,174.88348430735928
20240323_180421.jpg,182.8606405573593,177.32279274891775,172.02926582792207
20240323_180423.jpg,183.34675554653677,178.12569805194804,172.91762594696968
20240323_180424.jpg,183.83047253787876,178.59110876623376,173.77846171536794
20240323_180425.jpg,183.43782656926405,178.22475378787877,173.69208752705626
20240323_183811.jpg,128.60214504722038,115.18208627641624,107.76892356891103
20240324_090208.jpg,160.05042848219136,157.4344332212102,151.45858642208097
20240324_090211.jpg,157.4232241860648,154.21431649729044,147.5156224307601
20240324_091145.jpg,152.44756293073866,146.9016487147545,133.6671015756813
20240324_091149.jpg,148.93861236916982,145.39516060206896,133.2164658340244
20240324_091156.jpg,125.60709686615287,112.0391557745789,83.46954266636163
20240324_091157.jpg,131.77488241817753,119.812406613715,98.23877320358746
20240324_091200.jpg,137.44263300619835,135.69031164209727,128.83032896100832
20240324_091347.jpg,123.68914286135576,115.39716405065914,102.84008458831393
20240324_091348.jpg,125.51852879961537,117.20232686004032,105.30898416275843
20240324_091358.jpg,123.40724407242843,117.16243617114444,105.77601522956046
20240324_091400.jpg,118.43801865134118,112.7531746868655,102.81105206575823
20240324_091447.jpg,134.63459756319884,133.1656776582473,131.20504344026136
20240324_091448.jpg,135.6181753168878,132.79127696138008,131.45141779594067
20240324_091643.jpg,137.17362107777603,137.49837959156682,135.47657992614887
20240324_091644.jpg,138.5242329590137,138.82455867160914,135.11435954881466
20240324_091722.jpg,116.1461754599567,103.1053528138528,79.77569994588744
20240324_091724.jpg,115.89032426948052,103.13955005411255,80.87556872294371
20240324_092025.jpg,146.7520563972733,141.10856423725298,130.22252410170435
20240324_092027.jpg,148.58521632553118,142.94323085715203,130.66197895814864
20240324_092028.jpg,144.80206397094568,140.05547000110812,125.20887440036174
20240324_092030.jpg,141.25196334610655,135.3628853636435,117.60875715365752
20240324_092031.jpg,137.07422790989875,130.2614648420744,114.23450200981583
20240324_092050.jpg,122.26519280916668,108.10397702697388,88.64805602372816
20240324_092051.jpg,117.28439765399354,103.7575931092539,84.57187861927707
20240324_092052.jpg,124.1754160828162,108.702116629193,91.09443274757642
20240324_092054.jpg,121.0872700418585,104.17751302939746,86.04199500807857
20240324_092057.jpg,123.24608380815864,106.44500240391488,90.11429956264834
20240324_092058.jpg,124.0999095850968,108.67793114526437,92.04332598605193
20240324_092059.jpg,125.88386532982784,109.67916706136148,92.49822063381137
20240324_092101.jpg,120.0556325334582,105.50035075709914,90.75131545082787
20240324_092459.jpg,162.74067030798707,163.47782433190824,161.66846628889158
20240324_092500.jpg,164.7282358571163,164.53703201853784,163.3074713272827
20240324_092702.jpg,151.69586097686522,153.21428723029683,152.3246899262561
20240324_092703.jpg,148.97378839114643,148.94523486427263,147.02964724112786
20240324_092704.jpg,146.42418094866167,146.65416869227028,144.5722581965455
20240324_092706.jpg,142.06791104263775,144.6873734370085,141.49729135091079
20240324_092724.jpg,145.02264103563155,149.98541934016558,147.57268748302067
20240324_092725.jpg,140.91963607498784,146.11788476936715,141.65240139033858
20240324_092913.jpg,149.6497578658955,149.0248543799508,143.46519875193027
20240324_092914.jpg,147.73292371457575,145.93909706186193,140.92652074426636
20240324_093035.jpg,128.84247476336182,128.11396008786352,117.41096801810174
20240324_093038.jpg,130.5762770462767,131.8875128685407,127.32732808880722
20240324_093039.jpg,138.08549514391316,139.70140539656552,130.5694907900569
20240324_093228.jpg,142.1654167128385,144.44874187673366,142.03423769088334
20240324_093229.jpg,142.0263795030956,144.18550101965312,141.59273246929422
20240324_093230.jpg,143.62734459896623,145.5270695115674,141.8883018486016
20240324_093256.jpg,136.4031987483557,137.44169880823014,130.13249491960735
20240324_093303.jpg,139.60642316676913,135.87531434091622,130.16817004436072
20240324_093308.jpg,134.4177617694805,133.26201758658007,123.22636444805194
20240324_093309.jpg,138.0490689935065,136.65885430194805,126.78841139069263
20240324_093829.jpg,114.857716946617,106.574205233564,80.88432779300952
20240324_093830.jpg,130.26072166150732,120.62464980143126,87.07357833902886
20240324_093848.jpg,122.6602508116883,120.68728422619047,103.49009212662337
20240324_093849.jpg,119.90276136363636,117.58773660714284,107.29794683441557
20240324_093851.jpg,116.56491112012986,106.46823741883117,83.57067167207792
20240324_094024.jpg,148.7852267316017,146.9943702651515,138.13072835497834
20240324_094026.jpg,151.13490489718615,149.56362729978355,140.66416233766233
20240324_094027.jpg,152.34493885281384,151.52776122835496,143.78982386363634
20240324_094032.jpg,157.86387184005832,157.51324331461436,150.6990262804198
20240324_094116.jpg,109.80554350371042,104.20283076617861,89.77061468729445
20240324_094118.jpg,98.46332421215934,94.9422700731362,84.12932079127226
20240324_094143.jpg,46.2157887834582,46.64974658358117,44.38583906460007
20240324_094152.jpg,79.52108843279046,82.54224824576768,87.08159850063628
20240324_094157.jpg,90.83488344140524,90.2014164554677,87.32682887432439
20240324_094415.jpg,141.19553948675969,141.75700709914494,138.57665316065658
20240324_094416.jpg,143.2449038568089,143.79699865863336,140.02948348001087
20240324_094440.jpg,115.87023104392462,108.6381158579742,89.67028810339157
20240324_094441.jpg,111.18433760080356,103.34177950470416,84.85452997208242
20240324_094442.jpg,107.07600493025966,99.38829894424347,81.69641850192313
20240324_094532.jpg,141.43759696087963,145.60958109772227,136.8372164229389
20240324_094533.jpg,144.70711257202808,143.64507000843602,136.82387436014756
20240324_094534.jpg,109.75745649271497,107.71758859185992,102.41719954191569
20240324_094535.jpg,113.61894150890788,112.34572708595469,107.38956960093225
20240324_094536.jpg,115.5619104152964,113.81949436465155,109.20299564435642
20240324_094609.jpg,142.62648826013753,142.1970197040593,135.95745662676228
20240324_094611.jpg,147.73988702493637,150.64910963549858,141.14686199741197
20240324_094613.jpg,143.86709433712716,139.17267503896306,137.1141144656696
20240324_094615.jpg,152.24675426806598,145.64663568088878,143.14034439432066
20240324_094616.jpg,148.46009032107008,144.12735398227716,140.41704371193055
20240324_094700.jpg,156.83618816844918,161.31056603259316,153.29962040039032
20240324_094701.jpg,152.41960591434557,156.3785865471918,148.26600636456575
20240324_094702.jpg,151.99580834095912,156.10954982001914,148.45410064092482
20240324_094738.jpg,149.71576800612684,147.6411978287912,146.2216971415754
20240324_094739.jpg,141.29373773467213,138.41459623166233,136.8565102975135
20240324_094851.jpg,139.2639501907046,139.47650128506677,139.50382906109695
20240324_094854.jpg,150.2595753336884,151.74095035513596,143.19191384243902
20240324_094856.jpg,155.17424484454088,158.24745958027108,149.84356669031857
20240324_094944.jpg,151.43214145922101,151.90653194615228,149.16702148242013
20240324_094946.jpg,146.3174575159427,142.5708195339086,132.70601081493606
20240324_094947.jpg,144.67550924568903,140.35633268484227,129.03399149067744
20240324_095027.jpg,122.19715598548,102.56742556800309,73.00060176066658
20240324_095029.jpg,122.9413083954717,104.8267348178029,75.72091542240985
20240324_095030.jpg,122.23731778503817,103.70592781731676,75.5505401882739
20240324_095033.jpg,127.30657879568331,108.36740789610083,83.57887331904686
20240324_095038.jpg,122.70080668290042,108.88142681277056,90.40633928571428
20240324_095039.jpg,120.53764772727271,107.21858955627705,90.83936458333332
20240324_095043.jpg,121.94994142316017,103.55685321969696,76.49020116341991
20240324_095044.jpg,123.42848011363635,103.16642113095237,75.06143682359307
20240324_095045.jpg,122.16261512445887,102.0832637987013,73.69609036796537
20240324_095054.jpg,124.63163474025973,104.86406141774891,76.09847226731601
20240324_095100.jpg,129.8865785588664,114.00003060746661,92.53132596013612
20240324_095101.jpg,125.41547156052503,111.78111941558952,91.21939253338671
20240324_095153.jpg,123.97197104488976,105.62514197843089,80.24250530380479
20240324_095154.jpg,122.14476896054362,104.15869278861277,79.1496721873302
20240324_095331.jpg,145.74317755100947,149.79783734790098,137.75276450213045
20240324_095333.jpg,152.1261688924476,155.2735341257614,143.52204050373186
20240324_095334(0).jpg,146.8398866451357,150.3623668240084,137.7161276997126
20240324_095334.jpg,147.968785187416,151.26743944189852,138.85200898921187
20240324_095345.jpg,141.83447079913637,144.6909432282879,132.0768320020947
20240324_095347.jpg,143.644808727909,139.46762087491777,125.73936859700734
20240324_095348.jpg,141.051242819533,138.1266847511367,125.45535275440389
20240324_095349.jpg,138.17905680745804,134.9160498629143,120.90259073214847
20240324_095357.jpg,135.84134988311075,139.53058423174812,128.30416449212157
20240324_095359.jpg,140.65137391779146,134.2116893936415,111.4717162433155
20240324_095400.jpg,138.07555553668962,132.65839654408188,108.66238679705596
20240324_120034.jpg,160.95976369248476,157.57269898874716,149.30770926123853
20240324_145633.jpg,156.00266977537245,151.46269117378964,141.27788898738882
20240324_221754.jpg,30.489645156926404,28.051300865800865,30.473764339826836
20240324_221755.jpg,29.532994318181817,27.136751217532467,29.590989989177487
20240324_221808.jpg,35.21097808441558,32.12649323593073,31.640406114718612
20240324_221811.jpg,35.070351866883115,32.14094007034632,30.506377570346316
20240324_221814.jpg,37.597946158008654,33.94701582792207,33.76886498917749
20240324_221819.jpg,45.82144913419913,43.862346590909084,37.167329816017315
20240324_222327.jpg,77.35048647186147,70.59215273268397,63.4288326569264
20240324_222340.jpg,77.3220715638528,72.06934618506493,64.77430221861471
20240324_222358.jpg,84.09500067640693,77.64040083874458,69.98250378787878
20240324_222411.jpg,87.00312080627705,81.73449540043289,76.26699296536796
20240325_092213.jpg,138.95438649891773,142.13821699134198,142.55349296536795
20240325_092214.jpg,141.70400933441556,144.31065286796536,144.20482224025972
20240325_111047.jpg,107.65903138528138,125.52097064393938,138.19276988636364
20240325_111050.jpg,105.92836674783548,128.53739285714283,150.84776352813853
20240325_111051.jpg,112.38765286796536,132.81111282467532,149.41838704004329
20240325_114735.jpg,130.04328398456488,141.94763520457406,154.48054750278817
20240325_114740.jpg,150.37039502845377,157.60039684702878,164.10732128367266
20240325_114743.jpg,131.4489681932569,138.33841324190712,145.36019626311875
20240325_114744.jpg,130.01799573818954,136.80686453984242,142.57931388783635
20240325_114746.jpg,125.69958749177843,131.35667193621492,136.3835235092153
20240325_114749.jpg,141.8942447238983,148.60136824312247,155.83525944407904
20240325_114752.jpg,137.0841949968186,145.01110637725557,152.6755291293717
20240325_114920.jpg,142.22333676345477,153.1560978563156,162.4006062735923
20240325_114922.jpg,147.76804377180503,156.17205171902256,162.92741271733536
20240325_114923.jpg,142.86167614530012,153.2266230446967,161.99038802671652
20240325_120502.jpg,121.25795984032285,134.46883936486603,154.19691648763904
20240325_120507.jpg,132.14391038759328,147.90951003031256,170.18848770518173
20240325_121417.jpg,131.339878937416,137.01972215569504,140.22682366882094
20240325_121423.jpg,128.6866272403772,137.6417508856058,145.5187216043138
20240325_173402.jpg,130.16905370670995,125.96135863095238,120.44415327380952
20240325_185719.jpg,122.42961634199133,124.80636079545454,130.9841406926407
20240325_185721.jpg,122.88074296536796,125.17958333333333,131.50198931277055
20240325_185730.jpg,131.90857278138526,129.38408847402596,130.34553179112552
20240325_185731.jpg,131.47880018939392,128.9433758116883,129.82462364718614
20240325_185800.jpg,129.766641504329,128.16583089826838,133.2578850108225
20240325_185805.jpg,123.19942951839826,121.29669548160172,125.52084997294371
20240325_185952.jpg,118.507533008658,108.04082372835497,108.10408955627705
20240325_185953.jpg,118.62605992965366,107.27431304112554,107.93787499999999
20240325_185954.jpg,119.02948958333333,108.08403070887445,107.36509537337662
20240325_190027.jpg,109.78443100649349,106.64700473484848,114.78597226731601
20240325_190032.jpg,110.62135078463203,105.79232359307359,107.98687242965367
20240325_190034.jpg,109.7294402056277,105.0849622564935,106.99501420454544
20240325_190135.jpg,122.85006804653679,118.36063663419912,121.33702353896103
20240325_190136.jpg,123.05590313852812,119.41214894480518,121.84634036796535
20240325_190302.jpg,127.06182819264069,117.77554261363636,115.99527340367965
20240325_190303.jpg,126.34047483766233,116.83486891233765,114.73163122294372
20240325_215552.jpg,105.7959741612554,94.09642410714285,83.60752123917749
20240325_215553.jpg,104.59926082251081,93.78177786796536,82.84162567640692
20240326_133409.jpg,118.57087635281384,109.50459929653678,104.74609970238095
IMG-20240319-WA0010.jpeg,128.50828366126544,129.3717889178241,119.76458285108025
IMG-20240319-WA0019.jpeg,79.03522593557099,57.10483820408951,39.14340338059414
IMG-20240319-WA0021.jpeg,83.5369276861497,70.71497468171296,62.32702618634259
IMG-20240320-WA0002.jpg,38.447844618055555,45.4581640625,50.050431423611116
IMG-20240320-WA0006.jpeg,97.55319408275463,100.71902994791667,121.25028175636574
IMG-20240321-WA0003.jpg,64.0843703125,80.2045015625,110.69399427083334
IMG-20240321-WA0004.jpg,65.43838229166667,80.4656109375,108.76096406250001
IMG-20240321-WA0006.jpg,46.59091666666667,40.929457291666665,33.9885953125
IMG-20240322-WA0222.jpg,110.24693238811729,112.6900072337963,113.69853539737655
IMG-20240322-WA0223.jpg,37.09596036585366,43.721137364498645,51.88111365176152
IMG-20240322-WA0225.jpg,92.17196979166667,104.91444375,118.7736765625
IMG-20240322-WA0226.jpg,137.04516233333334,126.50262466666668,122.54414466666667
IMG-20240322-WA0227.jpg,146.32869633333334,135.566222,111.697911
IMG-20240322-WA0228.jpg,117.85544739583334,132.98598437500002,153.10444739583335
IMG-20240322-WA0229.jpg,137.93204766666668,148.81313566666668,155.93910033333333
IMG-20240322-WA0230.jpg,110.37969569830247,112.98230758101852,114.32924961419754
IMG-20240322-WA0231.jpg,96.90685104166667,104.35186197916667,112.24925572916668
IMG-20240322-WA0233.jpg,121.58211458333334,121.57516770833334,125.72774062500001
IMG-20240322-WA0234.jpg,108.96425104166667,126.30500781250001,150.42681822916668
IMG-20240322-WA0235.jpg,108.26624517746914,108.51214554398149,111.23368489583333
IMG-20240322-WA0236.jpg,116.718012,113.04751566666667,135.417327
IMG-20240322-WA0237.jpg,88.74812933333334,97.58551733333334,118.63805633333334
IMG-20240322-WA0238.jpg,72.22753466666667,104.30392,133.92973433333333
IMG-20240322-WA0239.jpg,114.95298229166667,124.0269734375,136.07398958333334
IMG-20240322-WA0241.jpg,123.71330246913581,126.77762731481482,127.47405092592592
IMG-20240322-WA0242.jpg,71.28490692515432,75.50130256558643,81.11810426311729
IMG-20240322-WA0243.jpg,104.39169766666667,121.91669766666668,145.79987433333335
IMG-20240322-WA0244.jpg,110.8229547646605,113.03267264660494,114.09980806327161
IMG-20240322-WA0245.jpg,112.34280966666667,114.84154433333335,137.714154
IMG-20240322-WA0247.jpg,78.81400833333333,60.107291000000004,36.72082833333334
IMG-20240322-WA0248.jpg,152.8218236666667,136.29787866666666,120.741892
IMG-20240322-WA0249.jpg,107.17133728780864,108.95959249614198,108.77559461805556
IMG-20240322-WA0250.jpg,89.77190566666667,67.687135,31.469706000000002
IMG-20240322-WA0251.jpg,75.499904,102.61128233333334,123.803841
IMG-20240322-WA0253.jpg,75.22455845248108,80.33485402792763,88.21355532970064
IMG-20240322-WA0254.jpg,148.53453066666668,124.68037766666667,99.94837333333334
IMG-20240322-WA0255.jpg,53.471669000000006,38.06258066666667,25.788583666666668
IMG-20240322-WA0256.jpg,93.74474843750001,118.31038437500001,145.26830833333335
IMG-20240322-WA0258.jpg,134.207342,132.49368133333334,133.94599966666667
IMG-20240322-WA0259.jpg,96.42517466666668,116.38807966666667,142.150924
IMG-20240322-WA0261.jpg,87.22909633333335,117.26378233333334,151.26367266666668
IMG-20240322-WA0262.jpg,155.58583000000002,136.73846400000002,120.89145666666667
IMG-20240322-WA0264.jpg,78.359443,105.81995266666668,104.04679233333334
IMG-20240322-WA0266.jpg,130.17210500000002,121.56481466666668,127.726346
IMG-20240322-WA0268.jpg,109.24388792438272,111.80188753858025,112.98683545524692
IMG-20240322-WA0269.jpg,84.07287699099723,79.98681565481687,76.60320122537703
IMG-20240322-WA0270.jpg,123.75158275462964,126.87336564429013,127.46311246141975
IMG-20240322-WA0271.jpg,116.07626633333334,117.52688533333334,112.03923566666667
IMG-20240322-WA0272.jpg,79.27791466666667,56.63116966666667,38.787310000000005
IMG-20240322-WA0274.jpg,101.74285166666667,116.544482,136.93879433333333
IMG-20240322-WA0277.jpg,115.73607233333334,123.94527533333334,132.6905196666667
IMG-20240322-WA0278.jpg,116.12520366666668,129.61741166666667,117.57889466666667
IMG-20240322-WA0279.jpg,115.89266166666667,112.82219933333334,109.17768233333334
IMG-20240322-WA0280.jpg,116.26231566666668,114.38749233333334,110.28670066666668
IMG-20240322-WA0291.jpg,109.7173953125,127.38061302083334,115.23783750000001
IMG-20240322-WA0294.jpg,126.76937838294992,127.94049560216509,110.95575270635995
IMG-20240322-WA0297.jpg,115.72824847767252,115.42798376184032,85.052400202977
IMG-20240322-WA0304.jpg,110.15524466666668,130.32218333333333,150.8601546666667
IMG-20240322-WA0305.jpg,38.51937366666667,35.543243000000004,36.02894166666667
IMG-20240322-WA0306.jpg,81.64444233333334,82.69631233333334,84.781852
IMG-20240322-WA0307.jpg,105.32513650258382,105.97784773508707,110.14792124430338
IMG-20240322-WA0308.jpg,37.178495000000005,34.58781966666667,35.71127966666667
IMG-20240322-WA0309.jpg,79.579638,60.81003333333334,34.30552133333334
IMG-20240322-WA0310.jpg,122.66318000000001,123.708313,103.29453633333334
IMG-20240322-WA0311.jpg,128.11949900000002,136.96872033333335,149.14301866666668
IMG-20240322-WA0313.jpg,113.24427366666667,115.42241933333334,99.04669366666667
IMG-20240322-WA0314.jpg,137.51375233333334,134.804764,135.321416
IMG-20240322-WA0315.jpg,99.34172333333333,98.53138133333334,85.79218733333335
IMG-20240322-WA0316.jpg,124.42031800000001,131.66873266666667,96.49637233333334
IMG-20240322-WA0319.jpg,88.92260133333333,91.38033266666667,77.521206
IMG-20240322-WA0321.jpg,119.11172966666668,117.96852866666667,114.00501566666668
IMG-20240322-WA0322.jpg,101.64775666666667,100.69503300000001,83.743003
IMG-20240322-WA0323.jpg,123.62259947916667,130.97878489583334,148.96152708333335
IMG-20240322-WA0324.jpg,120.19840208333333,130.4101625,152.4234890625
IMG-20240322-WA0325.jpg,69.23173645833333,107.07136197916667,163.55467864583335
IMG-20240322-WA0326.jpg,121.3456,137.45980104166668,166.67830416666666
IMG-20240322-WA0327.jpg,146.20187760416667,148.5421244791667,157.38036041666666
IMG-20240322-WA0328.jpg,121.22491302083334,138.19499322916667,168.2940494791667
IMG-20240322-WA0329.jpg,134.5923578125,136.2518046875,143.1760734375
IMG-20240322-WA0330.jpg,152.09616041666666,145.65919270833334,142.07168385416668
IMG-20240322-WA0331.jpg,89.668718,95.36979500000001,90.97136733333333
IMG-20240322-WA0333.jpg,139.10278593750002,140.43573750000002,150.78951458333333
IMG-20240322-WA0334.jpg,145.63918020833333,148.42498645833334,153.65134010416668
IMG-20240322-WA0335.jpg,156.77271875,155.18868697916668,150.77278072916667
IMG-20240322-WA0336.jpg,148.17791666666668,147.93610052083335,148.96361197916667
IMG-20240322-WA0337.jpg,158.62050416666668,146.77894322916669,137.78752447916668
IMG-20240322-WA0338.jpg,150.542984375,151.16112760416667,152.69315156250002
IMG-20240322-WA0339.jpg,168.54880989583333,146.74759583333335,126.69789166666668
IMG-20240322-WA0340.jpg,151.86514666666667,153.64253766666667,153.61427600000002
IMG-20240322-WA0341.jpg,146.32613433333333,141.278403,138.81002800000002
IMG-20240322-WA0342.jpg,150.20051406250002,152.81051197916668,156.69315989583333
IMG-20240322-WA0343.jpg,149.06224500000002,145.80153966666668,137.02158166666666
IMG-20240322-WA0344.jpg,147.337005,147.65461866666666,147.31648133333334
IMG-20240322-WA0345.jpg,116.07598966666667,112.75963700000001,108.74040733333334
IMG-20240322-WA0346.jpg,122.58904133333334,124.691494,137.47035233333335
IMG-20240322-WA0347.jpg,153.97105866666666,147.21688433333335,137.34364366666668
IMG-20240322-WA0348.jpg,19.288044321360474,19.79694970646977,19.237824530209025
IMG-20240322-WA0349.jpg,147.5644276666667,149.1099076666667,151.7397706666667
IMG-20240322-WA0350.jpg,143.59410533333335,144.03827366666667,141.28843633333335
IMG-20240322-WA0351.jpg,67.43122833333334,93.125213,134.73677233333333
IMG-20240322-WA0352.jpg,158.159578125,144.22174583333333,129.05481614583334
IMG-20240322-WA0353.jpg,126.667146875,124.90894427083335,137.16693385416667
IMG-20240322-WA0354.jpg,155.34402400000002,155.46771,157.07495
IMG-20240322-WA0355.jpg,145.490373,141.35891166666667,134.764735
IMG-20240322-WA0356.jpg,38.81947166666667,34.31341266666667,31.150049666666668
IMG-20240322-WA0357.jpg,156.07847866666668,152.70689133333335,143.15919333333335
IMG-20240322-WA0358.jpg,153.320919,151.594883,148.57003
IMG-20240322-WA0359.jpg,115.17335104166668,120.97072135416667,139.5415338541667
IMG-20240322-WA0360.jpg,149.3438421875,150.51392604166668,152.26638802083335
IMG-20240322-WA0361.jpg,159.08544427083334,156.20529791666667,154.4687625
IMG-20240322-WA0362.jpg,132.85098033333335,128.31664700000002,119.24888333333334
IMG-20240322-WA0363.jpg,151.42099533333334,152.70042933333335,154.17783433333335
IMG-20240322-WA0364.jpg,145.46016466666669,144.73326966666667,142.36190633333334
IMG-20240322-WA0365.jpg,109.23574592295937,104.85836948982993,96.17778213719504
IMG-20240322-WA0366.jpg,146.657725,148.27925733333333,149.11966166666667
IMG-20240322-WA0367.jpg,152.607857,145.24407766666667,134.53250866666667
IMG-20240322-WA0368.jpg,148.80498766666668,138.098553,132.87569533333334
IMG-20240322-WA0369.jpg,146.68717833333335,148.23833366666668,148.7252036666667
IMG-20240322-WA0370.jpg,142.96844233333334,144.43870633333333,143.21895600000002
IMG-20240322-WA0371.jpg,146.166031,149.430584,152.79853533333335
IMG-20240322-WA0372.jpg,140.34611900000002,143.87382566666668,148.46580033333333
IMG-20240322-WA0373.jpg,149.06684218750001,148.34277760416668,150.60179791666667
IMG-20240322-WA0374.jpg,104.88623566666668,104.112665,94.779374
IMG-20240322-WA0375.jpg,152.52651966666667,153.60008066666668,154.282788
IMG-20240322-WA0376.jpg,146.60531766666668,151.38831233333335,155.568642
IMG-20240322-WA0377.jpg,121.773188,141.84787400000002,142.03351833333335
IMG-20240322-WA0378.jpg,136.062059,134.99907266666668,133.238257
IMG-20240322-WA0379.jpg,149.808302,150.79443600000002,150.75534000000002
IMG-20240322-WA0380.jpg,115.41603166666667,118.18050466666668,127.13052800000001
IMG-20240322-WA0381.jpg,44.98214,41.75060933333334,41.484942333333336
IMG-20240322-WA0382.jpg,144.70614010416668,146.801725,143.19996875
IMG-20240322-WA0383.jpg,87.63748466666667,93.43442933333334,74.23295800000001
IMG-20240322-WA0384.jpg,95.73074166666667,80.13007135416667,66.79462343750001
IMG-20240322-WA0385.jpg,149.64712066666667,149.18582,140.18788133333334
IMG-20240322-WA0386.jpg,143.06289166666667,147.23397031250002,153.43331302083334
IMG-20240322-WA0387.jpg,122.14006300000001,122.01048733333334,114.48541266666668
IMG-20240322-WA0388.jpg,144.81753233333333,147.089755,148.76624033333334
IMG-20240322-WA0389.jpg,147.42594133333336,148.05108466666667,148.69077433333334
IMG-20240322-WA0390.jpg,117.14550700000001,119.90412900000001,126.54007666666668
IMG-20240322-WA0391.jpg,111.110504,118.242879,120.65188633333334
IMG-20240322-WA0392.jpg,143.92731033333334,141.490409,136.0010276666667
IMG-20240322-WA0393.jpg,136.005266,137.61270433333334,132.25610933333334
IMG-20240322-WA0394.jpg,145.61377866666666,145.68088766666668,139.84709166666667
IMG-20240322-WA0395.jpg,148.31696666666667,150.68814114583333,152.34808645833334
IMG-20240322-WA0397.jpg,76.00866933333334,85.36063433333334,98.30644500000001
IMG-20240322-WA0398.jpg,146.65441166666668,147.45021033333333,131.140064
IMG-20240322-WA0399.jpg,110.68151233333334,115.00868533333335,115.74698266666667
IMG-20240322-WA0400.jpg,147.09715666666668,149.65503066666668,150.54693766666668
IMG-20240322-WA0403.jpg,146.01520166666668,147.11000933333335,147.98879366666668
IMG-20240322-WA0405.jpg,114.14930566666668,114.30041733333334,103.74670433333334
IMG-20240322-WA0422.jpg,90.34893177083333,120.46025833333334,152.94060625
IMG-20240322-WA0423.jpg,92.98552395833333,112.297865625,133.57683281250002
IMG-20240322-WA0424.jpg,101.5447046875,135.630609375,169.95689166666668
IMG-20240322-WA0425.jpg,103.06209114583334,76.26038958333334,60.71394479166667
IMG-20240322-WA0426.jpg,88.20828333333334,128.88395572916667,167.26289427083333
IMG-20240322-WA0427.jpg,89.23108020833334,116.0623875,145.94356197916667
IMG-20240322-WA0431.jpg,145.22695625,135.97214010416667,124.66820729166668
IMG-20240322-WA0434.jpg,148.76375364583333,135.27135520833335,119.76900416666668
IMG-20240322-WA0435.jpg,139.78556666666668,132.49704635416668,123.59275989583334
IMG-20240322-WA0436.jpg,133.62189062500002,125.17971458333334,114.93718697916667
IMG-20240322-WA0439.jpg,102.86729166666667,118.855378125,136.75657135416668
IMG-20240322-WA0440.jpg,141.7612046875,146.12613489583333,147.76819739583334
IMG-20240322-WA0441.jpg,132.61633802083335,140.34547760416666,145.18150520833333
IMG-20240322-WA0442.jpg,148.86211927083335,156.0668963541667,159.15065989583334
IMG-20240322-WA0443.jpg,130.42454375,137.48319947916667,140.80558072916668
IMG-20240322-WA0444.jpg,139.3998078125,138.11528385416668,137.89131666666668
IMG-20240322-WA0445.jpg,138.31047708333335,136.65636458333333,136.0487390625
IMG-20240322-WA0446.jpg,131.46034947916667,132.45199375,132.7111171875
IMG-20240322-WA0447.jpg,139.04622864583334,139.17779947916668,138.7928078125
IMG-20240322-WA0452.jpg,127.84010052083335,133.03012708333333,119.84381979166668
IMG-20240322-WA0453.jpg,138.70720208333333,142.169784375,121.670703125
IMG-20240322-WA0454.jpg,130.33475520833335,135.95549375000002,132.39581458333333
IMG-20240322-WA0456.jpg,127.94424635416668,133.2290546875,129.60743645833335
IMG-20240322-WA0457.jpg,129.01989791666668,135.66299322916666,128.130440625
IMG-20240322-WA0458.jpg,55.2950671875,118.981525,186.3900484375
IMG-20240322-WA0459.jpg,48.359290625,123.49244270833334,203.07775572916668
IMG-20240322-WA0460.jpg,64.07738437500001,122.32191822916667,173.2424359375
IMG-20240322-WA0461.jpg,85.67326458333334,93.36942760416667,97.60355885416668
IMG-20240322-WA0463.jpg,126.81241614583334,131.44525364583333,135.61935156250001
IMG-20240322-WA0464.jpg,129.29219427083333,132.92912916666668,134.90863385416668
IMG-20240322-WA0465.jpg,132.01868366666667,133.97058633333333,134.948114
IMG-20240322-WA0466.jpg,119.40515866666668,123.87014233333333,127.28740533333334
IMG-20240322-WA0467.jpg,139.985001,147.72876233333335,174.32987300000002
IMG-20240322-WA0469.jpg,110.35920033333333,114.51815833333335,111.91510333333333
IMG-20240322-WA0471.jpg,104.99346927083334,113.48477552083334,111.64389635416667
IMG-20240322-WA0474.jpg,101.86882142857142,98.13762067099566,91.41515692640692
IMG-20240322-WA0475.jpg,45.78220941558441,41.02556439393939,37.204209415584415
IMG-20240322-WA0476.jpg,133.91188200000002,141.07715266666668,155.174318
IMG-20240322-WA0477.jpg,143.0146672077922,126.41596103896103,108.51388744588743
IMG-20240322-WA0478.jpg,131.98083495670994,133.4254226190476,128.76276569264067
IMG-20240322-WA0479.jpg,32.67435984848485,28.898386363636362,27.26119318181818
IMG-20240322-WA0480.jpg,123.38183008658008,126.2180119047619,122.96124675324674
IMG-20240322-WA0481.jpg,103.70401000000001,107.64047866666667,121.385761
IMG-20240322-WA0482.jpg,148.9907121212121,152.68107683982683,150.3536829004329
IMG-20240322-WA0483.jpg,100.23810606060606,94.82429545454545,88.25598106060605
IMG-20240322-WA0484.jpg,149.7510725108225,141.97028787878787,135.4214918831169
IMG-20240322-WA0485.jpg,158.38967261904762,161.20076623376622,160.58980844155843
IMG-20240322-WA0486.jpg,154.91228138528137,158.79741287878787,160.0046645021645
IMG-20240322-WA0487.jpg,149.79189989177488,152.33218398268397,152.36128679653677
IMG-20240322-WA0488.jpg,152.32383008658007,153.14734686147185,144.30481277056276
IMG-20240322-WA0489.jpg,156.3449751082251,159.58913798701298,159.71867370129868
IMG-20240322-WA0490.jpg,158.56474783549783,161.12306764069262,160.52796807359306
IMG-20240322-WA0491.jpg,140.0358282463929,135.36315552164262,127.34358713748009
IMG-20240322-WA0492.jpg,147.75105573593072,149.10261147186145,157.70668614718613
IMG-20240322-WA0493.jpg,149.24780248917747,152.62486904761903,156.96850974025972
IMG-20240322-WA0494.jpg,91.369203,92.465338,103.15213333333334
IMG-20240322-WA0495.jpg,155.16571428571427,157.98250595238093,157.295599025974
IMG-20240322-WA0496.jpg,113.22892833333334,117.52145933333334,125.53669266666668
IMG-20240322-WA0497.jpg,158.0093187229437,160.18765746753246,159.11016233766233
IMG-20240322-WA0498.jpg,148.0391525974026,152.72839718614716,144.52446753246753
IMG-20240322-WA0499.jpg,151.72358658008656,157.97092045454545,164.4952278138528
IMG-20240322-WA0500.jpg,154.94456439393937,156.7075465367965,156.51281926406926
IMG-20240322-WA0501.jpg,154.20217261904762,157.96422727272727,158.88414826839826
IMG-20240322-WA0502.jpg,159.21671861471862,161.70634794372293,160.58614069264067
IMG-20240322-WA0503.jpg,141.10143506493506,140.1790395021645,131.96241883116883
IMG-20240322-WA0504.jpg,140.21443993506492,145.15663203463203,144.08362283549783
IMG-20240322-WA0505.jpg,143.64775378787877,148.00012445887444,158.0654816017316
IMG-20240322-WA0506.jpg,133.26561038961037,136.80773809523808,131.01685930735928
IMG-20240322-WA0507.jpg,152.10708874458874,151.79597727272727,149.22692803030301
IMG-20240322-WA0508.jpg,140.46093344155844,139.51800054112553,131.72337608225106
IMG-20240322-WA0509.jpg,160.57568885281384,163.10948538961037,161.59428300865798
IMG-20240322-WA0510.jpg,151.12162445887444,146.5815357142857,142.54621158008658
IMG-20240322-WA0511.jpg,154.12188365800864,156.19441558441557,156.7392462121212
IMG-20240322-WA0512.jpg,144.8368409090909,146.035158008658,137.19964826839825
IMG-20240322-WA0515.jpg,102.35236979166667,118.93867604166667,132.35820416666667
IMG-20240322-WA0517.jpg,164.36175520833334,150.28630052083335,133.99507864583333
IMG-20240322-WA0519.jpg,133.79361433333335,141.76149733333335,168.12317366666667
IMG-20240322-WA0544.jpg,137.78622058256173,138.06529031635802,133.73801167052468
IMG-20240322-WA0545.jpg,136.36522617669755,135.8907846257716,132.29162760416668
IMG-20240322-WA0546.jpg,135.74233940972223,135.2028833912037,131.19418595679014
IMG-20240322-WA0547.jpg,136.75238233024692,136.58521508487655,133.1971267361111
IMG-20240322-WA0548.jpg,135.84856047453704,135.37365451388888,131.2514945023148
IMG-20240322-WA0549.jpg,135.8368711419753,135.355050154321,131.30285493827162
IMG-20240324-WA0000.jpeg,148.9472647810571,128.96707417052468,118.89464108314043
IMG-20240324-WA0007.jpeg,135.47600465374228,128.4195049672068,111.2309910300926
IMG-20240324-WA0011.jpg,158.98527708333333,151.4894109375,139.63756041666667
IMG-20240324-WA0012.jpg,152.58010677083334,135.76179635416668,126.93482708333335
IMG-20240324-WA0013.jpg,159.13400885416667,151.44756197916666,143.862984375
IMG-20240324-WA0014.jpg,142.65489322916667,121.38245260416667,104.93729270833335
IMG-20240324-WA0015.jpg,184.53519895833335,175.71784479166666,168.56697552083335
IMG-20240324-WA0016.jpg,144.5101078125,123.03854687500001,105.7603578125
IMG-20240324-WA0017.jpg,142.45313177083335,121.21428333333334,104.68549375
IMG-20240324-WA0018.jpg,142.89723541666666,120.51573072916668,101.1913390625
IMG-20240324-WA0021.jpg,129.59614259133963,102.79536366711773,98.56530869418133
IMG-20240324-WA0022.jpg,121.87843777056275,122.89538582251082,115.71799512987012
IMG-20240325-WA0000.jpg,114.1948859375,134.72458854166666,157.47620416666666
IMG-20240325-WA0001.jpg,116.52578958333334,135.6987890625,158.94075572916668
IMG-20240325-WA0002.jpg,112.08160625000001,132.61822447916668,156.27729166666668
IMG-20240325-WA0003.jpg,116.06978281250001,135.43071822916667,157.30957604166667
IMG-20240325-WA0005.jpg,139.4865341677943,157.36126860622463,169.98043640054127
IMG-20240325-WA0006.jpg,115.21736299052773,138.00247378213803,158.91508119079836
IMG-20240325-WA0007.jpg,101.0171845399188,123.11965324763193,160.341274526387
IMG-20240325-WA0008.jpg,102.738599458728,123.86885656292286,158.90665595399187
IMG-20240325-WA0009.jpg,114.18333135994587,141.13515138700947,162.81726319350471
IMG-20240325-WA0010.jpg,100.65412719891745,122.92205598782138,146.09844215155616
IMG-20240325-WA0011.jpg,114.42740781461434,138.27381681326116,163.9757205683356
IMG-20240325-WA0012.jpg,118.06949847767252,141.58045838971583,166.28302858592693
IMG-20240325-WA0013.jpg,122.80158406630581,144.30693843031122,166.4976395466847
IMG-20240325-WA0015.jpg,113.80477757104194,135.1972801082544,155.9654203315291
IMG-20240325-WA0016.jpg,96.06912552083334,118.66041666666668,143.38183333333333
IMG-20240326-WA0003.jpg,131.35983982683982,128.48142424242423,136.6675438311688
IMG-20240326-WA0004.jpg,148.63907683982683,152.01598376623375,155.5855844155844
IMG-20240326-WA0005.jpg,139.6286645021645,131.76353409090908,107.96030519480519
IMG-20240326-WA0006.jpg,173.82804058441556,163.2599924242424,144.44411147186145
IMG-20240326-WA0007.jpg,122.62719642857142,127.33480573593073,110.43711904761903
IMG-20240326-WA0008.jpg,114.85809253246752,117.70823917748916,107.35360389610389
IMG-20240326-WA0009.jpg,113.66273647186146,116.40518993506493,113.46843885281385
IMG-20240326-WA0010.jpg,133.77189285714286,121.73649729437228,115.7771461038961
IMG-20240326-WA0011.jpg,151.61423051948051,136.18291233766232,130.55311201298701
IMG-20240326-WA0013.jpg,141.97397077922076,134.10322997835496,110.1467646103896
IMG-20240326-WA0016.jpg,182.0456645021645,172.40787445887443,154.99648268398266
IMG-20240326-WA0017.jpg,129.02637900000002,119.16570266666668,112.28698533333333
IMG-20240326-WA0021.jpg,153.38989166666667,147.10927968750002,139.65793645833335
IMG-20240326-WA0022.jpg,133.11637395833333,140.45496614583334,144.42895364583333
IMG-20240326-WA0023.jpg,152.60659583333333,144.49820572916667,133.52993854166667
IMG-20240326-WA0024.jpg,148.94107083333333,143.0085921875,136.1665734375
IMG-20240326-WA0025.jpg,119.36630729166667,109.712784375,110.47318020833333
IMG-20240326-WA0027.jpg,129.693759375,128.7452046875,127.68398958333334
IMG-20240326-WA0028.jpg,124.62333869680786,120.3714007851125,117.17986004879302
IMG-20240326-WA0030.jpg,121.46046875,119.67549635416667,121.04454166666667
IMG-20240326-WA0031.jpg,123.2587203125,121.5889390625,122.08169270833334
IMG-20240326-WA0032.jpg,122.7016234375,120.08362291666667,120.63002760416667
IMG-20240326-WA0033.jpg,126.41520833333333,121.46674837662337,116.93169913419912
IMG-20240326-WA0034.jpg,117.57232900432899,116.68440367965367,117.6816028138528
IMG-20240326-WA0035.jpg,126.38515746753245,121.99650703463203,119.45351406926406
IMG-20240326-WA0036.jpg,125.69630627705627,121.69736255411254,116.45891612554112
Screenshot_20240320_235023_Maps.jpg,37.06799817980373,43.7533024691358,51.89587606837607
Screenshot_20240324_121305_WhatsApp.jpg,53.5306107991473,59.161160938664445,61.37710120626007
Screenshot_20240326_105228_easyJet.jpg,67.69568534346311,58.14081790123456,51.693207898069005
Screenshot_20240326_105233_easyJet.jpg,67.53775007913896,57.982965337132,51.535364039252926
