01111010101000000011100000001000000010100010110001000100110010110000111000001010001000100000011000001001001101000010010111010001000000100010111000010100010000100100000100010010000101100000001000000100
00100000100000100100000010000000000010000100011001110100100110000100100010000100000100000000000010010101100110001000010111000001010010000000001000010100100100101010000010000001010000110100000000011010
00011001000100011010100000001000000010000000000100100000010110000100101000001100010000000010010001000000100011000000110000100000010001011000000000000101000000111100000001011100010001110000011000100000
10000110100010011010110101010110000001101101000000000001110100000000000001011000000001001001010110000100100000000000001100000101010000000000001100110010000000111011100001001000000000011001110001101000
00000000100110000000011011001001001000010010000000001001000100100000110001001101011000000000010000000100000100101000101001001010000000100000000100100000011011010100011000100010100000101000010010010000
10001000000000000000100101100100000000001101000001100001100111110000100100001010111001000000000001110010111100101100000100011010010010100100101000100100011000010010001111000110000001010100010000011010
00000000110010100100000100100001001000010100100100000010000001010011100110001000100001010001000000000101100001000100000101010010000000000100100000000001011100100010000010100000011100000100110000100100
10000100110100101100000110110000001000010010011000001000001000110100110000000000010000100000011100001010010000000010011110000101010000100000000100000000010100000110100100001000000101001001000001110101
00010010000010010110000101101001100010000101000010001000000110000001000001010001000000100001000010101000101101110100010010010001000100100000010011000000100000000000111000010110100001000000101010010100
00000111100101000100010000001000100010001000000101000101000010110110001001000000100001001010001010000110000000011001010111010100000001010010000111000011000000000010110000010101000000110000001000100000
01000010000110100000010110010000000001001011001011010000010010101010110000000000101101000101011000001110000011100000001000100110000110100001001101011001001000001000001101100101001001000110100000101010
00001000000000000001100100010011000001110000000000000001110001000001000000111101000001100000100110100001000000000100000000000000100000001100100011000001000001100010000100000000101101111101100010110000
10010100101000000100000001111111010010100001110000001001100000101010110000010000111010100100100000000010011000001101000000000001011101000000000001000100110111100000000010000000000010010011010001111100
10010010100000001000010011001001000110010001110000010011100010000001001101100000101100100000110011011000010000000110100000000100001100000001000100011000001000100001100000001000001001101000111000100001
00110000100100010000011100000001010000000100001000001010001010010010010101001100001000001001010110000011011000000010000001000011000000110110101011111110001100110011000001000000011100001001111000001100
00010000100000000010000001010000001110010101000000110000011000110000011010011100101110100101110100000000000000001000110000110001000100000001110000000000000101111110000110010010100000100010101000100010
01011011110101011000110001000100111000010001010000101010010100100000010101000010000000000100000000110001100100000010101100000001010000111011001011000000100000000100110000111000010001110010101111000000
00110100111000100000110110010101010000000000011100000000001000010001110100100000001100100100010000100101001010111000000000000000000100000000000001000000100001000011001001010001000010100100100000100000
00010100000111100000001001100100101000010000001010000000000101001101000101100011000000001110001010110000000010100111000100010100000001010111001000001001000001001000001000010100010000100010111110101000
11000000001010100000001000100001100001001010010000101100100000000000001001110001101000010001111100001000000100000000010000100000000000000101000010001000100000000011000111010110000000001100001010000000
00011001000011010000101100101110010000000000001000001000100000010000001001000001010000000000001001000010100001001101101001000000000011100010001010000010000000010010010100001101010011000010010100010110
10000100000011000010000101000101000000100000101010100000000000000010000100100100100100110000000000010000000010100010010100000010000000000101000000000000010001000011010001010001010000100000010000100001
10101000010010100000000101000101010110000001010010000100110110001001011010101000010010000100011001011010100000000011000010010010010000010100001100010000011000001011010110100010110010110010000000000000
01100110000010010111000000010000000000000000000101011000101000001100000000100010000000110100000001010000100101010000100000001100110101010010010000100000000100010000100000000100100001000000110000010100
00100010101001101100110101001001000000100000101000100000000001101010010100000110110001001100001101000010001000000000001001110100101000000011010001000010000010010011011000101000100000000000001000001000
01001010000011011000101000110100010001110000111001000100000000000001000000000001101011000110010000110010110100001100010101011101011100010101001110001001100000010000000000000110001101001001000000000000
00000001010001000010000100000010111100001001011000110101000000010010001010100010100001100100001110101001000000000110101000000101000001000100011001000001100010001000010001100110010110001000111010001010
00001001010001000010001000101000001000101111010000101001100001000010000000000101000000001010001010000000100010000001110000110000011000000000011000010000110010011010011001010000010011000110000100100001
00001000001000001011010001010000000000011101001100000010001100010000000001100000100100111001000101000001110000000100000000000011000000000100011011101010010101011000000000100000101000101000000000010110
00000000110010000100000000001000000000010000000101001001100000101101100000001000001000010010100100010100000010100110100100100000000100100100010010001110000100000000001000000101000000000000000000000000
11010000011000100100100101000010001000000101100000100000010011110001100100000100000100100010010000100101001000110000000100001110010010010100000000010001010001000101000110001001000000111000001001000000
00100001110100100000000010000000011011000000100000100010000000000001000101000000101111110001100101100000001110001011000111011000001010100100100000100010110001101001100001000001101000000000001010100111
10111000111001000001111000000000010000110010010000000000010000011001000000000000001000000000001001100000001010101011010100110001100010001100000001100000001011000101001101000100100000100001001000010100
00101001000001011011000110101011000000110001010000001000000000110001011100010000000100100010000011000100010001110100010110100100000001001111010000000000101011001000000000100001000111000011000110000011
01110010000000111110011010001110011000010001010100011000011100100100011001000010000000001001001010000010011000000011000000000010000010011000000000001011100000010000110000001000001000010001000000110111
00001001011100100010110000011001110000100001000000000000011000100010010100001000001001000100001000011001100000010000000000110010101000100101100000001000010010010100100000011000000010100000001000110110
10100000100001010010010000000001100100000101000111000000000011000100100000010011100101100001010011110110000001000010000100110100001111100111010001010100010000100010010000000000000100101000111000100110
01001101000000101100001010001110001101100100001000010100100110000100000000000110000000001001100000100001111000001100110010001010000000000100111010100110010001000100000010001001010110001000100000000000
00010000101001000000000110100000000001000101000110000010000001000000100000001000000000110010111110100000000001001100001110010110110010011010010100010101111010000100100001010000111100110000111010001100
01011000000010000000000110010001100000010001011000000000010100000011000101110101010000000000000101011010001000001000001110101100000001001100000001101000100000101000000011010011101100010010001001011100
11001110000100100111100000000010110111000100000100100000000001111100000100000110100001010000010001000001101001100010000000100000000100000011011010000001000010001000100000010000000001100010000111011000
00000000000000010001000001001100001001110100011010000101000001010010010000000100000001000010001111001010000000111000000011110110000000001000010100010110101000000101000000000110100000000110000000010000
10100100001110000100000010000110100000101110000000110000010011000011100010100010000000110010100011001010010111010001001100110001000000000111000001010000000100000001001001001010111001000101100100000110
00000001010000010100000101000010000010000001010000100010001010010000001010111000001000100000000100001000000000100100001100101000000010000011000100100001000000110010110000001000000000000011010100110010
00110100100011001100100010000100010001100000111010001010000100011000000001010010000000010001010100000000000000000010100111001010000101100001000101100000000110001110110000010000000000001010000000001100
11000000010000111101000100110001000100000010101000101011000010000010100100110001000100000000101110000000111000010000100011000000000000100010111010100000110000000100001010000001000000000000101010100001
01000001000100011000001000101010101010110010100011100100001010100100100010001001100100000101110100100100110001000100000011011000001001000100001010101001010010111001000000001011000000000000011000000000
01000110000100001100000000001001101000000101100000100111100101010100001100000010011001011000000001000000100000010010000000111101111000001011000000110001011100000110101000001011000000010010001001001000
01100000010001010010000000100010001010100001000100100100100011010000000011000110000000000011001000001011000010000010000011000010110001000010011000010100010100000000010000111100000100001010000011001110
00100010000100100000110000001100011011010001000001001000001010000000110010000100010001010000001001110011000110101000000000001110010000011010000000010000001010010100000010000000000000010000001010010011
00100010011000000100000000001100000000101100110110001000100100000100100001101110000000010000000001000000110101010001110110010000001100100000010100000001001000101000010000110000000000010001011010010011
00000000100100001111001000011100000100001100110000000000000001000100101010001001111110100110101000000001100000000010000000000001001000100110100101000110101110000000110011100100001111000001100000111010
11100000110001010111110100011001000011100100010000010011100001100000000000111000010000111010000010001001101100001000000100001000010110001000000000000001001001111001100011010010011001001100010010101000
00010011101010001000000100010000000110101110001001100000000100110010100100000010000000110000000000010010100000000101110001000010000010000011000000101101101010011000001000101100101000110000011000000011
00001000010100000000000000000000000000011001010100000011001011110001010001001000000001000101001100101101000000010000010000100010010010000001011010010000000000001000001010111000100000001000001000101001
01110101101000000100000100101111000010100111110110001000000000100001010011000010000010010000000011110100011110001001010001001110000001101101000100011010001001101011010000001000010001000011110001001000
10100100000000000000001000100000000100010000000100011000000000000000100100011000000001000000001100011000011000010000010100010000000100101010000000100010101001000110000110010101001000001000010001100010
01000001011001000000100000111000010000101000100011000001010000000010000011100000000010100001000101000010000010100001000000001000101000000110110101110110000000011000010001100011001000001001001010010000
01100001011010000000000011101101010011001100000001001000001010010010111100000010100001001000101110011000000000110000000010000000100101010000000000010001010000010000001100010010100100010000110001010001
11000010000111000000101001100000100010101000000010010010001010010101000001000000100111000000101010111000010011100110000000000000000010000000011000101011110001100100001010000100100100010011000000010111
00010110010010011010001000111001000000010000010001000011010000101000100000000110011001000100000000000110101000100001101010010011110000000101111001000000000110110000101011100000010000000000100001001001
01001010011101000100100111101010011010010111000110100001000000000011001101111010100100100010101000001010111111000100111110000000111000100000000000010000001011001100110000011001010000000001001001001001
01000000000100000100100000010010000010100101110011000001010010000100110000000100010000110010110111001000000001011000011111001100010001001000110110010100101001000000111111111001111000011010010000010100
00001000101010000110000010100010000100011000000010000110010001000000001000001000110000101000100100000001101010100000100000000001110010111011001100100010011000000001110000000100000001101000000000001001
01000001000010010000000100000100001110010001001101000001110010000000000011010001110110001110100101000110000001000000000000010101001110000001011101101010100000100000010001110011100000000010000000010000
00000000001000100000000010001100000000010110001001100100000001100100100000001110000011000000000100000000001000000000010101010010001001010000100101000001000010100100100010000000000010000000000000000000
01010000000100110010100100000011010000011000011010101001000101100011001100110011001000110000100100000000001000000110000000011110000000000000100001010110010011010101100000011010111010001000000000011101
11000111000001001110001000010000000000001101011000110100000000101110111010100101001000010100010010100110010011001000101000011000001100100100101001000100100011000000110001001000100011000100001000000010
00000010010010000011000100101001000011011000001100000010011000000101010000000001111000000001010010111000000011010010100000000010010110000000101100000001001000000000000000101110011011001000000011000100
10010001100100110000101010001101011000011010001000000101001100100000100000000010001111001101000000101000001100000100001000000001010110100010000000000100010110010101000110010010010010000110000011010000
10000000000101001000101001000100001010101111000101001010001000001010010000010111000101000000000000110001110000001010010010000000000100001000001000000110001001110001000001100110000000001000000001000000
00010101001011000111100110010001101001000101000000011011001001000000000010100101010011001000111001111000000000010010010100100111000100000010100001011001110010101000000000100100001110100000001010101011
01000101110100101000000011100100101010010100100010100110001100000011001011100001010000011000001000100100100001001100100110010001101001011011010000010001000000001010010100001000000010000001010010000000
00010000000011100000000110001000010011001000000100011010110011011000001111011000000000010100001000100000010000010000000001010000000111000101000000010010010110011100100010011000101010000001001001010000
01000101000000101000110000001100001010011101100000000000011110010010010101001000110001001011111001000010100100000010001000100110110110000011010010100000001000010000010100001000101101001110000011000110
10000001010001100010000100000000100100100100000001001010010010000000001000000000110011100001010001010000010000001011000000101000000000101000011000100101001010000101000010010000000100100000000010001100
00010101000001010010000000000101000000010011110100000011010001100100000000110010010101000000010000101010001000000000100100000000100100000000000010110010010100100010001101000001000000010101011000101000
00100101110100100000000000000000100001010100000000100111000001011100000101001000001000100010000001000000001001110111001000100000001001001000000010000100000000101100100001000111111010000100100000110000
01001000001001011101000001101100011000101010101001100100101011001010100010001001000100000110000000100001000000000001000100001000100111000110110110110000010001000001011100001000000000000100000011010111
00110010001101101010101000010001001001001000000000011110000000000000000000001000001000010010010010110001110010000000100000100000000010100011010010000100001011000000000000100010000011001010111110000100
00000001000000000000000100000110110001111100001000000111000101010000010000100001100101000110100000110101000000101100101010010000000101001000000000011011100110001100110000100010000001000101000001000110
00000000101000001010001000110110000011100001010101000010110010000110100000100011111000011000111001000000000100110011101001000101000010010100000001001001001100010000110000000000001010001100111000100011
00100010010011001011000011000010100000101101000000110100101010001100110011001010001011001110111000000000111000000010010000001000000001100011100101010010000000100110110001000001100100000100101000100010
01000100101001000100110001101001010001011000101101010010000100001100010101000010101001000010110010010011000010100011000000100101011111011110010000010000000010000111101000000010100010001000100001010010
11000000000000000100001110110001000000101001100110100000000010110010100101000000000000000100010001100000010000100010011100001100001001000111100100010001001000000010000000100010101111011011101101101001
00000011001010010100001000011100000000000010001100000100000011101010100000111110101101010011001010000000001000110000110001000010000000001111010001101111101000000010010001000101010010001010100010000010
01100000011111100000000000100011100101001110000101110000111000000000000000000100010011001001101000001010010000000101010000100000101110000001100000011010001110101111000000000000000111000000101110100010
01110111100100110000011001000110000000000110010001110001010000010100011100000100000100100100111011000000100101000011100100000010010011101111000000000001011100100010011001110001011000101110001010000100
01000100001110000100001000010100000000000010000000101000001100010101100001100110001010000100001100001001111100000010110000001010010000000000110011000000011010000001111100000010011110110100000110011001
00000101000000000100110101010100110011000100001000111001000000000010100010000100010000100000100010110000001000000101000000001010000011111000000000110101000000100000010000000000001100110001100001101101
00001100000001000000000010010000100000110000000000000100110101000000000110000010011000100011011000000011100000000101000110011000000000000000011110110100010001000010010001001001000111000000011000010010
00010100000101011100100000100000010000000100110000100010100010000001001101000000100100000000011100101000001010111101000000010000100011001010100100011001100000110001000001001100011110000100000100100010
00000011001010100100010000011110100000000010101000010000000000000001000000001100000000100100110110101011000100000100000000000100011000001001100000000011010100000010100000000110001000100101000000100000
00000001111010000010110001011011000100010011000010111110001000001110110101010101001100011000111100110000100011101100101110000000010000001001111010101000000100001011010000000010101011001000011001001001
00001000100011000010000001000001010000001000111001101010100001100100000101100101010000111101000000101100101000000111001011000000000010000110111001111000110000001100000000000100100110001010101100110110
10100000001011000010101001100000110010100010001000100100000100101100001011001000100001100001000000100000100100010001101110000000001001010000010110001000011000100010011010001011000001000101100110000111
10100001001100101101100101100100001011101000011000110000010001100000000000001011000010100101000010101100101101100000000100101000000000100000000000001010000000010000100010101110000010000110000000100100
10000000000010001110010000010011000000010100110000010001011100001000100001001001101001001110010111010000110111100000110011000010000000001001001001100011000011000110000001101000100001010101000000100010
00000011010111110001001000010110111000100100011000010010000001010011001010001011000100001110101110100010001000000001000001110001010000011010011100000000110000010110001001000010110100000100000100001101
00000100101000000000000010100000000100000110001000001000001000000010101000000010110010000010010001010000000100100111100010000000000000000000000010000000001000010111011100001100000111000001000110000000
00000100000110000000110011010100000001111001000010111000001001110100000000011001011100010100000100001111000111110110011111000011001010001000001011000001001101111001000011101001000110001000101000010110
00000000000000011000000000000000001000001001011100010000110001000010111000100011001010000000000010000000001001000001100101110100001100001100110010110001000100111000000110000110000100100011100000001000
00101000000000000000011111100110001100000001000000001100110000010100100000000100101010001000000000101000011000000100110100100010011001010010000000000000001001000001011100001100010000001000101010000011
01000100100000011000000110100000000010001100000000000010000000100001000000100101001110100000010111000001001000001000010101100100100000100011110000100100001000000000100001110010010000010110000000000101
00000101010001101000000010001000001000000001010000100000000001010100011101110000010100011110001010001010001010001001000001000000001011000100010100000000000001110100001100010000000000000001100000001000
01100100000010100001100100001011010101000010001001000110000001000100100100010000000000001000100001001101100011000001000000010001010101010111000001000000000000100010100010000010000000000000000011000000
01100101101000100000010000010000000110111000011000100000000001111001000010100100000000000000110000010010000001100000000110000101001001100000100001010010010100000111000000000101000000000110000000000100
00001000000000000110000001001010110000010011101000000000001100100110110000100011111000100010010000110100000110000000101000000000100111010101010110011110010100101101110001001101001000001000101101011000
00010100011010111000100001000000110001011001101011000101110110000110010000000000100101000001001000001010011110100111110001010110100001100001001000000001000100000101001001000110010101000001001000100100
01110011000100001100100001000000101001100001001000010000411044100110000000101000001100000001001000100001000001100011100000010000001100100100101010001101000100010010000100000001100000010001011001100011
00111010000100000010000000100000000000100110100101100114444144411441044000000101000000000110101011000000000000000001010110011000001000000100100000101000100000000000001000000000111100001101011110011000
01100011000111000000010101100111001101010001010001101441144444444414144414441000001010010001010000001010010000000000101001000000100010000100000111100011000110000011000100110000110011001000000101010101
01111100100010110000100011001101100000000010100100014444444414144144441444444110110100000000000000000110110010010001000000000010110100010101000001000001001000001001101001001100000000000000000001110110
11110010000000000001001000100000101101110110010111144141444441144444414414444410001010101011001011100100100110011100000100010010000000011110000101111111100010001000001000000100000100111101100010100000
00010000101000101101001100000000101100001000011044141441441111444414444444444100011000000000000001101000000000100000000010011001010101001100100000001010101101001000010011101010001000000100100010100100
10001111100000000000100000001000001001111000101144141144111411114444444444411100001010100100000100101100100000001100010100000000100000001011000010000100001010100001010000000000100100001000000000001010
10101101000100110100100001001010000000010001110144144444411414114411444411410000011010010000100000001100000000010100000001001001000001000111000000001100011010000010000000111001000001110011000000101000
01000110100000110010000000010111010000100010111444444141441444444114414144100000010011000001000101010000000101100101000001000100110000101000000001000001000001000000100000000001011010110110100001011000
10000001010110001001100000001000000104441141104414414441444444414114144444100001100000011101100000001100000110010010100000000100001001001011001110000100111000001111111110100000001000000010001100111011
00010000010001010100000000001000111414444444104144414144444444414444441441000000000101010000100100011001000000001001001000100001000100000000000000011000110000010001110010000000000001110011011000011010
01101100000001000110001001001000044444444144414441111444414444444144144441100001001000110000100010100011000010011000001000000000101001011000101000010010100010000000001000011000001110000001000011110000
10011000101000001001011100000000014411411044411410144441414444114444414110101001000000000010010001100100010001000000010001000000000010000110001000000010010000100000010000000000001011001101000100110000
00110000010010000000100110100110411444110111010111441444444441011441144441010000010010000000000000110100010000010000001000101100000100010001001000000100010101100000101110101010100010010001001100000101
10101011110010010010101000001004444444141100001144141144144444114111011110010010144110010110011001111100001101001000001001011001110101010000000000101110110001010010110001011010001001100000110000001000
00000000000000110000011000001144441444441101011114441414444414414100010011000141441444101000101000110000000100110000000000000011000100001101010100000100010010010000000000100100000000000000001101000110
01011000100000000110110111000104144444444414144444444414144414114411110144104444441441010010001000010101000101010000000000000000011000001101000100001000000010000001000011000100000000000001001011000000
00100000000000100110011000101014141111111414414441141144144414444414141444100144441410000100100110100001100000100001000110100000100000100010001100000101000000010100000000100001011000001110001100110001
01000100001001111011001010110044444144411444444444441414414114444114444444111114441441001001010010000000010010000000010001010000100100000011000100000100011000011101000100110001010110000000100010010001
00100000100000000110000000000111144144444444424141144411444141441414144111444444444411011414100010000000101000101010000100001001000000000001000100101001010100011110000000000010010010000000000010000000
10000001100010001100100100100011014141144444454441444411144441444441444414441444411444114444114410000100000010000000101110011000100100111100010001000100001010100010010000011110011100010001101001100011
10000011011000111000000000001110114111414144155554441144444411441444444444444444144441441444414444100110100010010001000000010100000101111010001000100000110001000000100010110010010001001001000010001101
10001000010101110000001001100000001114411444444154444444414414444441144441411414441444441444444144111110111110101001001000000001001010000101010001001000000110000000010001100001111011100000010000101100
00010001100011001000100100100101110144411441141451144444444414411411144441111101444144444444411144400100000000000001001000001000101010100000100000010100000010010111011001110110101001100000000100100010
10001000111001000101010001000000011114441141141155555544414414114441011411001011444114441144114441101001000101001110000000110000000100001101000111000100010000000011011000000011101100100010000011010000
10100010010001010010101110010100001144441441144444411544414114441441101100101144141441111444444114011011111000010001000011010000000110010011100011000000011100001001010000000011000011000011000000010010
00000100101010000110001000010100104144444444444444441555554114444444411410001141444441114414411444441011000100100010001011000000010000010101000110100001010000100001010011110010000001000001110100001100
01010001010011000000010010001110144414411111114114414444155411555554414410001444441114411414444414410000000010111100010010101001001000011101000000000000001000111000000000000001100110101001000100100101
01000000100001000000000011001110044141444144144101114114415555511154444441010144444144114114444444441110100011010110001010010010001000000100010001001001000100010010000101111100100101100010001001010000
00010000010000100100000101110011444144444444444414114441111114111151144141104441144414444114441441441000110000110101111000000000101010110110000010001000001001000100100001000010010000010011011010000000
01001100010010000101000011000014444441441444114144444444444114444155554141414414444444414114411414444414100111011001000010100000001100000000000111000101011001110001000010001010010000000010000001011101
01101000100111010010001101000000411414444144144441444414444444444144154144441414141444444444441414441114444100001001001101000000100101001000000000010001000101011000001010000101000010001000000100101010
00011001011101001011010000000000444144144114444144444141441441114441455414114444141144144444444441444444144001110100100100000100000000001100100110011100001000000100010110001000101110000000110010010110
00100001000000000001001000000000144441441414444144441444144444414444115411441144444411444111144411444141414000000101000001111000010010000001100000111100001100000000000011011000000000010110100110000010
11000000001100001010011000110110014141444444411444441441444414144141445555555411441555555555551444114144414141000110011010100001000000100110010001010111000000000000010001000000001000000110010101100010
00001000100000000111000000000010044144414444444441414444141144441444144111415115555511414441155555555511141444440110010100001100010000000100110001010001000101111100000100000000110011000100110100011001
01000110101000010010000100101000014444114444444414441444110114444444411114115555441441444444411114114551444444410110000000011000100000000000101001000010000000001010000111000000010001001010000101101010
10000010010000001001100000000000014444414141441444444444411141441144411414444411444444144441444144414155555551444411110000000010000101110000100000001100101010010011100000011100011110000000010100000101
10100101000001000010010001000010004114414144144441411444444444444144114444444141414441441414444144411444144454114100001000011010100010110111000001001101000100100010000100001001010000100110001010000001
00010100000000100001000011001110011044444111441141114144414441444114444414414444444414141444114444444441414151001000000100101000110010000100110000000010100001110010001001000000010000000010000011100101
00100000100000001010101101010011100041441444444444144141144144414144141144144414141444411414144444444414414451000011000000000110010001110101000010100000010000001110001000000000000100110000000111011001
00101101001001011000001011001010010014444444414414444441444444414444444144441101444411410111144114414411444455111100010011000001101000000100100010101000000000000101100000000111010000100100000010110010
00000010010010110001011000100000010014414141444144414144444414444444411141441114411414100004414444144144414115551441001101010000000110000011010000000101010000000000000000000000000000000010010000000000
00000000000100001100000011101100100104411444444444114444144441411444111014444441441444410014414444111114444101455544010011100010010001001100001000101000000001000110010100100110000010001010000110001000
00001000100000010110101000000101101000441444414144114444441444441414444101444414144441101444444414444444111114414544010000100001010000110100010100101100000000100110010100110100000111110010111100011100
11000110010011000000000001101011000010414444441141444444144441144111114414444414444444410011414144444441141114144544000100000000010001011011000000000000000011000010010000000000001110000010110100101000
00110010010100110100101100100011011110101414444444144441441414444444411441444444444444441100144444444441444144444511000001000100000111000100000000100100010000011110010100101001011010000001000010100000
10111010000000011010011001010001000000014444441441114444444444444444114444444414444111141441444441414441444414114544001001000101011000100000000000010000011011100100000000001110101010100010110000110000
00000000100000000110000011000110000011010144414144414444444144444444444441444144141414111441411141444444441414414514111000101001110110001000001100100100010110100111101110000100100100100001000000010110
01000000101010000011010010010110000011011444144444441414144144141444444444144444441444141410111414114144444414144541010111100111000100101100000101000101011010001000100000110000011100010000000100001001
11000000001010100100000100101000000001010041144144411101144444444441414444441441444411441441411444414411144444411510001001000001000000100001001000010001000101001100001101010000111010100001101000001101
00000101010000100100000000101000100010100010144141444414444144144444444144444144414414444144444444441114444444411555100100010010000111001110000001000100100100011110000010011110011010010100010000110000
10001011000101101011000110000010000001111000001011414101411444414441441444441444444414144444144441144100411114111115000000001100001100000010011000100010111100000000100000100010101001100000101000100101
00111010000010001000011000000010000011000100010144414111414441444414414444444144111444444441114414414414410114100115001100100110100000110100010100010010000000001111010000000000000001000100000010000101
01101011100001010000101101000000000000100010000044144444114444144411414144444414100141441444414144411144441444144435100010001100010000101000101110001000100000101000000110010100000011000100001001001001
00000110010000101100101110100010010011011010010101144444444444414444444444144141001014144414141444114444444444144411011001101011000010000100001001000110101010000101101000110001000001000000001000001011
11000000110001001000000001000111001001110001000000011414411111414444441414414444110104444111444414414144414444444440000001010010000010000000000001000100010000000000100001000000000100110110011000010000
00000110110000001001000000000010000010000000000010100441101010114444144411414444100101144444444444444444441414100000000000000101111110010010010100001011001110000000000010000110010000001001000100000001
00111100010000100101111000011011000000110110000101001000000000114144144444414144101000141111444444141414110100000001101000001100010001000000000110000101001010011101000111101100010000000100100011000001
00000000001100000000010000101100000000110110010010000101100011001144441441441441100101111004444144444414100110000000001101001011001010010000001100111000100100101001000011000101010000000011000100010000
11011000001001001000100010110010010000000101101100001000001110100014144410411041100001101000141044414444410000000000001111000111000001000111010000000110000101000001110001000000001001100100000011101101
01001010100110001000011000000011000011100100111110000110000010010111041444444144410000110101010000100100100010010111100000000001011000000011010101000000000000001101011101000100100101111000010100011000
01000000010110001111011011100011011000000000010000100010000101110000000000000000000010010100000000100110010010101101001000100001000010111000000001000000101000000000010000000001000001101010010110000101
11101100000000000000010001001001000111001010000110000011100010011001000000000000011100001010101100001010001110110000000100010100001000000001000000000101010000010111100001000000000000100010000000000010
00010000001000000001000001001010000000010001000010010000001000000010100010100110110000101001001000001010110000001001000001000010100110100101000000000000000101101010011010000110011001000100000110100001
01000110000100001100010000001010101010000000110000100001101100100100001000000011000000010001100001100000011110100011101011001011011010000001000001000001000101100100111011000000010000100000100011000001
00001001100001100000100001110000000000100000100000000001010000011001000010000000010100001001010111101100011000100001000000111100010011000100000110000010010000111001000001010011001000110000100101011000
10011100011000111011001001000000100001010001001010000100000100000110000000001000111000000000000011010000000010000000000000101000001100000100000110001101000000111100000100000000001001000000010000110000
00000100000110100100100110000010010010110110011000100101000000001000000011000010001010000011101001000010001110000000011001011110010010001000100001110011001100010000000011100001001000000000111010010000
01101100100101111100000000000010010000000110010001110110000000000001000000000001000000011010111010110001000000011000000001001000100100011111000000100100100001100001100101001101100100011010100011000000
00000100001000010101000010010011001000101100011110011001011000000000001000001010001100000000100100100100000000010011001100100001000000001010010001100001001000010011010110001100000001000000000000000000
00111000000000010100000100101000000000101110000000000100110000000001011010100000001011000001001000001000000100101001101000100000001011001010010011110100000100011000010101100001100101101010001000111000
00011000010000000000011000000000000001100010010000100111010000000100100000010010010000110111110000001000101110000100100101001010000000000000000000010100001000000000000100010000010101001101000000000000
00001100011101001001100110101000110000011000000000000111000010000010101000010000111001000011001101100100010000000000001111000010010001010111111000101000010001010100001100000100100000010000100011010101
00011000111000011010100000010110000000010001001111000101011110001100000100010000000000000001001110001111010010100010000000000000101011110101001001101000100000000000100100001011001101101100100100011100
00001000111111001000000110011111000010110110101000000000000010010100000000001011000000000001000001000000000010100000001110000000100000000100110010100100010000101011101101000000101001000010101101000001
00010000000000000010001000101000000010100000000000011000000010101001101000000010000000000000110000010001000011000000100000010100010000000101100000010011100001000101010000001010101000110000000000000010
00000110000000011010010000001101001100000001110000010100000001000110110000000000100010100000111000010001010001100000000010000100000001010001011101010000100000110100010000100100000100001101000000100100
10000001100000000000010110010000001000100010010000100000010000000000010000000010000001000110000000001010011010101010101001000100001110001001011000100000111000001000000000000101011100000010000110000001
00000000001001001000010001011010010000000110011000100011010000110010000000010001011000100110000100101000010000110000010011100000000111001000110011010100110001111010111011010100001010000000001000010001
10001100001000010110000000011100001110100010001000101010011010000001100000010010000000011000100000110000000001100000010101001010110010100100010000101110001001000000100100110000110000000010000010000000
00000000000000000001000011010101001010101000000001011001001011111100001110000000010001001100001110010010000000000000000100000000000001001001001000000000000000000000001001001010000001000000100001000001
11101001000010100010101000001000010000000000000100000100101100011000001010111100000000000101000000010011100110001111000001010100110000010001100011000010010001000011110000011001100001000000010000101100
00010000000011010001001100000001110000100000000010000001000000000011100100001000100100100001000001010010100000010011000001001000000101001110000110000100010000010110100100110000011110001000011100001010
00100001000000000000000100000001001101000000011000010000111001000011000010010000001000000011000000011000001101000100010011001100000000000011100010101001000110000000010000000101100000101001101101110001
00010000000001100010111001000110100100000100010110000000100000111110001100000100000000001000010110011000100100101100000100010100100101001100000000101100100000000000010100011100001001000100100000000010
00000000001000000110010010001000000000010100000010011010000010111000111000000110010000000010010101001100000010001001100010100000101100000111011000000001100000010000010000010001100000110000001001000000
10110001000000010010100000100001000111000000010000001001000111000100100101000010010010011001100000101010010000011010001001000111000000000010010000000001000011010000000000111010100000001000000000000101
01000001000000000100000000000010000100001010100101000001001111000100000101100101010110010000011001000000000000100000000000001000110000001000100000000000000100100100000100000000001110011010000011001001
01000010101000010010110110100000000000000011000100000101100010011100000001000000000010000010101010010110010000000110000000101011000000010000100001101010001000000101000110010100111000001101000110001000
11001000011001000000000110010001000001000110000101100100010010110001100001001100010000001010000011001000001010100001001000000010001001000000001000000100000100010010100010011000101001010100010000000100
