00010101111100101100110000001000111110001014421100
01010000000111000111010100001101011100110011411110
10100011110111010100000100011111011000000100101100
01100011100100111101011000110000011000000000000000
10100001010000101000000000111011110110011100101100
11000001000001111000001101111100001001101000110000
11010001000000101110101010010110100000100000011111
01111110111101010000000100010010101001101001010100
11001100111001011110001000110001110000110010000001
01101001011001000100110000100101000001100100001110
00100100101110000000111000010111100110110100000011
10100100100101011001110111010100010001101010001000
00010110010001001100100100101011001000110000100001
00111011101000000010100011110000101110101110101111
11010000110010011010100100000111000101101111100010
11010000101000010000100010001100010100010011001010
11100110111111101010011110100010100011001110100001
01100111000110110010010000100011000011100100001110
00011110111001001010010011001001000100101101100000
01110000000011000110110101110000111000000001010000
00100001011001110001101001100110000000111010000010
01011010101101000001011101001010111010001001000100
00110101111100001001010000110000101010000011101101
00101101001101110111100000000001001011011000100111
10110101100000111101100010010101100000000001010011
10010000001001100011010001010101111110101111011110
00000001100111100101000100100000111001001001110110
00010010010000010000101000010100011010100010100001
10001001001001011101110001001000111100110011100000
00011010000110010000100001100101101001000100001010
01100000010011010010000100000111010001010011101000
01010001100001011000001001001101100300001100001011
10111111011100000100001100011000010100101010000101
00001110000001101100100000101000010001111000010100
01000001001100100000010100011010100000100101011101
00001000001100110000000001010000100010100011110100
01011101100111100010110101100100010101000110001100
10010100001000000000010000100011101011110101011101
10110011001110001010100100001100110010110101010001
10110100000110000001101000000000000001001000100000
00000101010100010010100111101101110110000000110101
10101000100101010001000000000100101110101100011011
01100001100110111001001110011100110100101010001001
01010011000010000100110111101011111001110100101101
00111110101000000110101000011001001000001010000010
10011111011010100010000100110000100001111011110001
10110100011111110001001010000110010101000110010100
00000011001000001000011001010111100010100110011001
11100011101100100110000010001010001001111011110001
01011100001100100000100110000001001001101000000000
