111000011001000100000011000100000111000000000101011000100000001011100011100000011000111111100000000000101101001110001000010100010001110101010011011001001000100011110110000000000011000000000101100011000000001101101000010001001110000000100001111000011011100110000000101101001001011100000100101101000001
100001001010000001100001000010000000000010111000000000001001100010000000000101000000011001100010001001001110000001000100111001000000100110001110000110000001001000111010010010001100100000011000000000001100100100011001101001010100000010000001111001011001010100100110110000110101001001100000001010010000
010111001011000010010111100010001010010000000101110010101110000001010011001001001010100101010100001110000010110010110001100110011110011000000011000000010101011010011000000000001001000000000000000011001010001100110001001000001000010011000000010010100000100000100101101001110001110111000000000000101011
011100000101011011100011000000100110010100100011011010111111000000110000000010010000011100111001001011010111010100011100001011100101000011000100101101000010010100001000100001001001010101100100001000011000001001011100100000000010010000001100001010100000100010001100000100010100101010010110010000011100
000001000000110100000100101001001011000000001000000010001110110100010110000101000100010001100001000000000101000001010010000001010100000001010000001010100000010000110001110110001000000010011101000001001100001100100101000000111010010010100010100000101000110000110000001001001001000010000000100000010011
000101000001010001010001111000001110100101001110000001010001110001000000000011010000111100010000100010001100010000110100001110000111000000000000001100001000000000000000011110000011001110001110110001010110000001101010010110001011010001100100000100000000000000101000011110000000010011100010110100101100
010011001111000100011000111100001100100100000001100010000001101001100010001001001001101100110001001000100011000110000011101000001110101000010000101000000000000111000100010010000111000110001110100010010000000011100010001100110101001011000000000010000000111011000100000100101001101000001100000010000111
110000101011101000100001000010000000010000111000010001010000010110101100100110000101001011110000101011000101000110001000000010101001001010100000001010001000000000110000101001000000011100100100001001110111000100010000010001101001101010000110000110010110010010000011001011000000001000100110011111110010
011000010011001001000100011110000001010100100110001010100010000000100100000011001110100100000110010000001000010001010000010000110100010000010000000001101001010100111000001010000000000011000010000000010100010100001000000001100001010100001000111011110100000100111001001000001000110001110001010101000001
100111100100000000100000111101110100100000011011001100011000000110101100100011110000010000101010010101100001011011000011001110000100001000001101001110001000000100100011100111000000000000011110110000000000100100010100000100000100101000001101100100000101001101001100001010010010000100011100000110001001
010001101000000100010000011011000000011010000000100100010000010100101010111010100000001000101011001101000001010001000010000100100001101110000000001000100000001011101101000000010000001010000001100000010000000001001000110100100110011000010100011101000000101000011100000111110111000100000001100010011000
100000000010111001001111100110100000000110010110111000111010100100010000111000000100000000000000010110000100010000000101001001000100001000000101010100010100101110000100001000000010100101110001000000001010000101010000110100011010100001010011000010000000000011011000001000100001110000000111100000000010
000101010101111100010100100010010001100010100001100100001011011100010000001010010101010111000110000001001100441100114111110011001111110011100001110100101000010000010100000110111001000110110000001100000011100100000100110010001011010001100101001001010011100100000110101000000001010010001010101100100001
000111100000110011011001000010000101010000001001010101000001000110010000110101111100111441100000001000001100444411444444410001100100010101001001011000001101000111000111111110000100110001000101100001101000010111010100010111000110100001000001110000000000010010000000010000000001000000000000101000011010
011010100000010000101000011101101000000010100000111110010011010011000011010010014144101410001000444444441411444444441144110000011100110100001000000111100011100000100011001000000000010111001010010001100110000001000010100000010101010100010101100000100010100001110000010000000001111010010101100001001000
100000101100000011000000111010100100000000111011000100000101000000000100000000114441011441000000414441110411411441141001100111144411111410011001001000101110111010011010000110000100010010000000001100000000010001001011000011101000001100000010011110110000011100100001001100100000100000001001010111010000
011010010100101110101100101100000000001010011001000000000111100110011001010001014441114444111011414441014414411444414114411114441444414410444111010101110000100011000000100011000100010010011001001111100100010000000000001010100000101110000000101001000100111001010000010110001000100010001011100001000010
010000000000101000001100001011000000001011000100000010110000100000000000010001044144144441411044444444114414441001444444114444111444441410444441001000000110100101000001100101101110101111000000010110010000111110001100000100011111000100110100000100110010101010101001001110010001000000001010000000001100
010001000100000100001100101101000010001001001001010000101000010011100000110011114414444444410444444444411444444114441144114141144444144441411410000144444441110100000101010000100100001001100000100100000010100010111000100011110000101000000101010000001011100100100000110001011000100010000000000010001000
010011000000001010000111100000010100011100100010001100010110000010100000001000444414141444110114444414144141144444144141144141444411111144444410011444444441000100100000110111001000100110000000110000110000010100011100001001000100001000010010001101000010100001000110010000100001010111000010101000101000
001000001000010010000100011111110000010000001100011110000100001110000011100104444444441444411444114411444441411144414444141411444444444414414110114444411444101444441010000100000010100000001411444410000001100000101100100010101000100000001011110101011100001000101001000000110001101110001000101010011100
000110000000101011010010011110000101000111110010100000010000000000010100411111444444444444144444144444444144410144101414441444411144141411144411444441444110001414141101100001110111110000114444444101100000100011111010100001110000001101000001011100000010110000111000010101000000000000001000011101000000
100001101101100001001000001000010110001001000110110111010001000001011104444114444444414441444411014114444111411444414444441444444441144414114444144444141444144414144100100111001111000044414411414100101011001001101004101010144410100111014400000000000001000000010000100001110000010001011010000011001000
000110011000010100011000011000110000000010101001100100001001000110001001144414444441414414144414144411144144441044100411141444444444141444444441441444111444444144441101011101000001010041444414410000001144100001000104411001041411011000044410010001000100100001010000000010000001101001100000000000001001
001100111001100100000100000000100011001001011010000011000000010001010014444114111441441144441414441414414141441114101144444444441144441144144411441444444414414114414110100100441004441144444444100011010444411000111414441000444444100101441100100111001000000100101100011010100110001011000100110000000000
011011010110100010001001011000000101000101000010100004144041144010110144114441101414144414444114444441444441141004401441144144111414144441444444441144444444444414444441110104444114444441444444410010010144444101414444111114441144411004444410130010100010000101011000110100110001011010100101100111100111
000010001110100010000000110101010001111010001011111004444144441101010011411444414414144441144444411414444441011111114144441444141414141111444411141044141111114114144141111011414444444444444441141100141444114414444414144144144414444101144100450001100100000110000100010000000000100001110100011000010100
100010001000101000101010101101010100001001101100010004444441100000110101414414444444114414444414114444444441101444444444144144444444144111444144411011414444444444441144141144444441111411414441444101441441144444444444144441144444444101444100451101000001010000010000100001000100000011100001100000010000
000000011001000011010101000010000010110100001000000114114111100010011414444441114414444441444144414144414444414441441411411444444114414414144141441004444441144444441444444444144444411441414441444414144444111441441414141144444114414111411110550000100101110000101101010110000110001111100000100100101000
100100101000110000000001010000000010011100000101001144411141011141144414414441414144411444441144444441414444144144444441414444414114444114144144141114444144444111110144144414144141444444444444414444441114444444114444444411441144411441444141510101001010000000001111110100101000000000001010001000101100
010110110110101110001000100011101010011000041001011011441444111441414441101141414444410111444111444414444114444144144441444444111144144444444444444144414441144101001141144414441014144441444444144411444444441411114414414444411444444414441444510000010101010001000000001010001000010000000100100000001010
100010000001000010010000000000100100000010144111101014444444410144441444414441444114111414414114441111414414444414441144441444111114444444411414444414441441441110014414144111441114411144444411144444444444441414414441414444141414444444411441540101100010010001001100011110110101000000010010000010110000
000100000000010000000100000001000100101041144414411014444144141444111144414144114444144441144444444441144444444441444114144444444101144144441414414441414414444441014114414144144144114444444441441444114441144444441141444444441444141414441144541100011001010001100100100001100101000011000000101010000011
100000000010110110001010011110111010000044444444414144114441444414441111444144444144444144444444141114144444444414444444441444114414441444141411144111444414144410014444444444114144444141111144141441444444414144444441444414444144144444144144540000011100011001011001001001101001000011101000100000100000
001010001001010001000010001100000010000444414144444144444444444444444410114441444414444444444114444444414414144114441114441444144444410141114441014441411444441411001441411144414414144441144144141444414444441114444144144414444441414444441555540001000000000000001110100000000001010000001100011010001001
000100010001001010101000101000100100101114444144411444411441444441144441144411414414444441444444441144144444411411411144144144444444101410444110141444114414444414114441444141444414144444144444144411444444444144114414414144144441444444445510000100011010001010100010000110100100110010000101100010100000
000101010011010011000001010144411410001014141041144444114441441144144441441141114444444441411444444444414114444444444411441144444141114441111011441144444101444444444444444441441411444444414111441444144444444444144414444441444414111441415140011001000001001000100100000001001000000110000000000110000000
000011110011000000010001001044444441111014444110141444411444444414411114444444414444144144410144414441144144441411141441441444411444141441111144414441144114441444144441444444414444414444444441114444441111144111155555554444444144444414455140010000100011000100001011101011000000010001001010101000100000
000001000000010111001101000444441111410144144411441414441414444444411114441114114414414414410111441144444411144414114441414441441114144411144414444444444441444444444444114444144144414144441144444444444411441110154144155514114114144455551440001001000000011000110110100011100000000000001100001100010101
110100101000111001100101101141444441411014114144444444111444444441411414441444114111444441411441444414411144444114414114414414444111414441144441441411414414441414144441441414441141444411114144114444444444441441551144411555555555555551444440000101010001010000100001000000001001000000110100000110010010
100000110000100100000111001444144444411144444414114444144441441414444414444411444444144411444141414414110141414444441411144444444141414144144444441114441141114441414441441101411011414414144144111414441411411141544444114414414444114444414100001000100100001000100100000100010011000101000101110111000110
010111110010001000010000101441411411444441441101441444441444144101411441141414444414444444441444144144111011444444411444111414144441444144111441441144441441144441444414444114441141441444444444444114411441155555544411014444414414114141444000000000101110001000000010000100000011101100000000110010010110
001001011000001000000100414414441414411444441114444444441141444101141444444444441414141414444441141444111144114144114444444144441441441444414414114114444411414144444441411444444144144441444114414555555555551114441141144114444441011044111000001000001100001000000000001001010000001100010110000100011010
001100000001110010010001444444444444111141111441444141414410144411444444444111441411444414114414411444114444441444414414444441441444441441414444444144441144411441144411441414414441441411141144411544444141441114141444414141444444110101001010000000100000011010011000010100001000000001010101000001011101
111010010000000000010100144414444114410141101444414411444110114144114144411144411444141444444144444414441444414441114444444444441444414411444144444144441014441441114144410114441144141444444444415544444444441144411444414444414144411000110001011100010010000001101010100100100100010010001000000111100010
000101001000100101000010044414441441110144411411111444144441144441441444444444411411011441414111444441441141414444441414441144411444444141414144444444441014444444441444111014444114111444441141555444444144411414444441444444414444100001000011101001000011100001000010001001111011111011000001011100011100
000100011000100044444141014441444444411114414414144444144414414414144444114414444444141444444444444444141144114444441414144441441444114144144441414141410101114444444444414144141444414444555555544141444444441414441144411444144444410010101010000101011001100010010001100111010110110000000000010010010000
011101010110000144444444111111411144414414441444114441444111444414141141144414411141444444414444441441444414444141444411441111444444444441444414101144110010014414444444444444441144444444544444444114414444444441444411444411114144100110010100111000010100110001101100100000110000001100001010000001011100
001011100011011141441444444444441411444441144414114411441444411414441441441141111444114444441411444410111114441444414444144141441444441141411444414441000000014411444441141444414444444411544444144444444441114414114414444444414144000000000010000110000001110100000000101000010000000000001010101110100001
000011000010144144414141114414444411411114414144411414441111444441444414444141444444444444144441441441014114441441114411441444444444144414444411144141010010114114444411414444141114441155544411414444444444444444441144441411444410000000000100000100000000011011010111100010110010100000100001100100001000
010001001041441444414444444444141141114444444444444101441444144444144444444444411144111444114444444441114444444144444101414444444444114114144444444441100100101414411414444144441141415554414444414141441444411444114444441411144411001011000000001100010000010100010100110001010010000100000111000010100101
110110010444444411444444441414444444444444441414444414414114441141444141411114444444444111444414144144441444144444144114444441111144144444441144444414100001111444141444444444444441115411444444444411114144414414144441444144414441001000000000011011110011000000110000010011101001000010110010011101111010
100010100014444411144414111411441144444444144144141441444444411144414141414444414144444114441144444111141144411444444444144144444441144414444144144444100111444411444114444144411444415144444114414441144444441411441444441444444141101100000001000000010110111100110000000110011010100010100000000100001110
011010000014441444444144114411144441444411144444444410141111444144414114411414144441111444141444444144441444144411414441441444441410144444144141144111000144144444414441444414441555555441414114444414441441441144444414414141441041110001000000001001010010010101001000010010000010011110000001001100101110
011100111014444414144444414444444411444411444144414111144141444144414441444414441114411414144144111441441144444114144414444441414441444114144444441141111144441414415555544444155541144441441114111414144411444441441444414444110001000000110100010001100110000011100111010011010000101000011100001100110101
001141100144444441014141441444414414144444444444441441414444444444144414441444410144144444144144444411144414141144441441141141411144144414141441144444114415555555555141555555551444414414444441001441144141414441411444414444441100010011011100010000010000000000101000001000010000010110101000000001000010
010041110144444441114144444414414444444144144144441444441141144441444141444414141444441144444441441444414111144141441444411141114441014441444114455555555555444441444111441114441411414144414411114114414444441441111441414441410111001000011000000010100000101000000100000110000000001000001000100110011101
010141001144144444141414444144441444414114414444411141441111441444444441441441444414411414141144144144444441144441444444444144411444114444114411154441414441444441414141441444444141444144444444444414144414414144144441411411441000000100001101111000111001010000100000000010000111100000110010110001000001
001444110114444144444441414444144444111441411414444441141114414444414441114441414141444441444141444441141414411441411111144111444411111141144444454441141441444441441444444444411441444444444141444444414414114114144144411444141101000100114011000001000011101001100000001010001010100000011000000001101001
100444441414414414444144444441444111114144141141444444114444444414444411014114114141444114444144444411444144144444444141014441414144444444441441454410144441441444444144411414444414441441444411441144114444414441441144444441141000000100144011000010100100001000010000000000110101101000001100010000000100
111414414444101411444141114414444410114441141444444141144114144411411444114414441444144444414441141441444444114414414441144441114414414441441410151441441441441114144114414441444414111441111441444444114114444114444441444411444100000000441010100011111010000100111000000011001000100001001011100011011011
010011444444114414414444444144414441414411444141144114411444414144444411114414444441441411444411141444141414144444444444144444411144144414141101454141111441144411441444414111411141414444144444411144444111444114141444414441411010000001141010101101001000001000100000011101000111001000101000100100100101
110001444444114444414411144444144411414414144444141411414144444114414444444441444144441444411414441441441414444144114414411441441144414444441411154110111414114444114144114444444444444144444414414414114414111444444414101144410110111001444011100010110110000011100001000000111000000011010100110110001010
441114414414411444441111144144444144444144144411144441444444444414441411441444114111144414111111414414441101441441414441441444444441444141441455551441444414411114414414414111444444144414144444444144441444444414144144411441441441144114441000000100000101000110110000010101100000010010001011000010111100
444444144101444444144111441011144141414144144444114414414411111444144114414414144411141444114411444414444110144411444141444141444141444414444151441441144444441144444144144414444441114414441444414144441444444441444411444411444444444444100101111111001000000000111000100001000000101110011000100100100000
444444444111114414414444414144441114414444144414444441411144414144144111101101444414411144441441144444141000141444144144441441441114111411444151444144444141114444414444141444141144144444444444411444414444441410141114444114414444444444401010001010100111000000111010001101010100111001000001001000000001
441144414444414411111141144141444141441141141444441441414441414414414414411114144444101444444141444111011101144414414444444441444444141141444151144441114411144141441444141414141114411414141441441444144144441111011144444444144444111441010100100000000001000100100101000100000100100000001010100000010101
414444141444414111441414141444444444111444444444414114411144444144441144444444411114411114411144414444111114444144414111111441414444144444444551414441414144441444414444414444114114101444110141111411414411414410014144141444144144141411010001000011101000001011001100011001001010001001000010011110000000
414111444444441441444444141444444444411444444444444444444114144441444444144144441141414441444444441414444414441144414411444444444144414444444544414114444414414444444441144441414414111444411444441414441414444441144414444444411444444441010101001100111000010000000000010111101101000100110000100000010100
444441441414111144414444141444414444414414441414144441444444144411141114411444114444441441444144414414411141441144144141144414441441444144411514111144414411411441414141441441444411114444414444144111411444114414444444111141444141111140000001011000010001001010010110011101000000010101011000000000011001
144444444144414441444144441414444414144141141114444444444444414414444114444144144114444144444144114444444144414144414441444141441114111441145541011441414444410144444111414441444444441444414414144411441444444444444444444444144441140000010100000010111101000101000000010011010100001000001001100000001011
444444141444414144444414141441414144444441444411441444141444444444444441144114141444114144114144441411414144144114444414441444141444444444445444144444444144441441141444414444444114114444444444441414414444114444414144144414444411040001000010000000011111100000001000000001000111000000001001000000101010
444444144444414444441144144444411114411444444444444441141114414141414444444444441141444444441444444114441441141414444414141444444441411141115414441441444144410144111414414441444414441111111444441444414144114144444444141414144444140010000001000001000011000001110001000000000010000100010100001110001001
111411414114114141444444444441444441111414414444411414144444444444101144441444411444144441414444444444114441444444144444114144114444144441555414444444414444441144444144444414444411114414441444441111441141444144144144441411444444440000000001000000000011101111000010100100000100001000000100101000101000
014144414414144444144444444444444414111444414441144414444411444144414144414444114411444441444114441141141144444144414444414441444411144145514414444444444114414144414414441444414144414114441441144144144111141441444411414411114444011110001001000011000001001010000001000000100100000000010000100000010100
144144114444411444444114414444111444111444144444144414444414114441414441441144141441111444144111144414144144444141144411441444444414141015414414444444111111444114444144141444111111444414444441141414444144414414444441414441414001000001000110100100001001000000001001000101101100100001100101000110011000
144414444411444444414411141444411444414144444444111144141414144414441444141114444141000111441444444444444144141444441114444414441444414115144141444444141444414114114441441411441444414144444141111444144444411444444144144444441100010011011000010000011000100100100101010100101100010110000101000000100000
144444444144411444441441444441444414444444411444444414111444444111444441441441444144101444444441444414144444414444444114444441441114444155444141141144441444114441011414114444444141441141444441414444444414414444114441444441110101001011111111000101010100001001100000001000010010100000000000110000000010
111444441011141144444444144444114444441414441411414441000144414444444111444444414411111144444141444444144141444444414144144144144114415554144144410114444144414410141114441114414444110011444444414444441441444141444441444441100010011010010000100010010100000011011000000010000101011000001100011010010000
011144141114441444144444141444444144111441444111414410001011441444444444141444444441011141444411411444114444411441414444441414441101455444444444410014111444444411444101411101414444411141441444414114444444411014444414414144111001000001100100101011000110000100111010000000000000101100101000111001001010
101144441444110111444414444444411411444141144444414441010144144144441411141441144141101144414441444444441444111441101114144441144114454141444441111144101141144441444414411100144411110144444441444444414411411114114411144144441011000100000001011101011000000100010011000000000110000000000011000000000000
101014444444441444414144144444444411414444411114111444101414411141144414444441014441011444441444414444411441444144411441414111444444151014444414101444101144441441441444441001441410101444411144444114144144441444111414441441441000100010100010110100011000001000000000001000001000101001000001000000010000
101141441114444144414144114441414441144444441441444114411414444441144444414441011144141441441444141444114441144144144411444110114141154144144444414444114141441444441414411114410101414144144141444444411141110444141444441444444110000001010100100011101000001010000011011001010110100000110000000100000000
014144414444414144441441411114441141114444114414414444444444144141444441441441001011144144114414441111444444114411144101441001011445554444144141144444114444411411444444441144410011414441441111414114444414410444441141444441100041000100011101010010000011011100001101000010101111000111000001010011100010
144444414441411141444444411444141414414444414444411414444144144144144444144144101014441411011144441444444114444101144411144110000145441441444444414411144444414111144144111144110114444144144414444414414444410444441141444111100044000000000000010100001110100001011001000100011001010011001000111001111110
411144444414444444414444444444414411441444444411414444411441441144114114141144414101444444144444144444144144411100014444144141001015414141144441444141414144414444441414144414411441444414444444414444144111100144444441441444410044100110100110001000000111001010110000101000100000110000011101100010000010
414441141444114444414444444144414444144414114144444141100114444144444114141441144410114414441141144441111444414410114441444441114115414144111444444444441444444144441444414144444444414444441414444444411444100014414411114414441144111011010000000001001000000100010101001100100110001011000000010000001000
444411444444411414114444441144144141141441444414141110001441414144444411441144444441444444444141141444414441441441101411455555555555444114111414444414141414414444414141444144414441444444441441441441114414110104111414444444444441101001111001001101000010000000001001111110101100101100101101100001000001
441444141444444144114144414444114441441441444414444410111444411414441441414441441414114144414444114414414144414444411444151444444441414111111144444144411411444144414444111444144144414141441444444411441144441110144444444144444441000010010101000001110000010000001010100010010000000000001101001011001010
111144444114114144114441444414441411444111144441444441014414441411411441414114441444444411444114144144441141144444455555551414144144411444444114144414414444114441444444411444144444444141444111144141144414441441444411144441441110101010000001010000000111000011001100001110000000100001011000101001100010
444144144411141144144441444411444414114144444441444444141114114444411414444444141444444414441144444441144444444444154444444441414144444414111144114111114414414144441114101444444441414444414414444144141441444144144444441441100001110101001000000000010011011010100110010000110011101011000000011001000000
141141441444441114444114144144144414444441144144444444444144441444110144441414144144444101444144444144414141114141554114414441444414414444444441114144114444441444144144414444411144441444441144444444444444411444441414444441010111000000010110000001111100000011010000010000111011001010110010010001000000
144444444141144414144144444414441444144441141444414144441141441444411444444411014414444414411111444441411144414444514444411114414144441441441414444141444414114444141011144444441141144111414414144414414444141444444444114441100000000100011110001100100100100000110011111001010100100000010110000110011001
141144114444444414444444444144441114444410144144441144410114414444444441414444144444414441441444144444410114444441544114444414441444441144444444414141444441114444410111441444444441441144114444441414441414444144444441444411400000100011000011101000000010100000011011110000000011111110001010100010100000
444444414414444444441444444444111444141141114444444144441111444441114111441414444141114441114444444144110144441111544144441444144441144414144444444144114444441141141114441444441144411144444114141114444411414444441444111444410010001100000100100010000000000000101000011000101010101010001011001000000100
444444111114444441144441111411444414144144444444444141444444444414444441144144441411144141444114444441141414444445544441444444444444144144411441414114441444441014441411444144444114444444444411144414414144441441441414114444400001100101100100001010000001110000010100010000000001011000000000100010000001
444444144414414111411414441144444441414444444441111144144441411444114111444444444444114110144101111144444444444445411441414444444414114444441411444444441444410001444444441414444141444441444144414444411011144411444444441411400000000100000010000110000000010100110101000010000010000011000101010010000100
444111441444414411444444414144441441441444414444144444111441414144144444444444144114441441414101444144444444444415414114114144114414444144141444144441414144410001441444441444114444444444411011444444441010014144444414441444410001010010010000101111001111000011100001000110100110010011110100000000000100
444411411144414141441141444141411144414444444414141144111144144141444144144141014111444444414111444444441414414145414414441444444441141014414444444444114114441114444111141411011444444114444111411441441111114114114414414410000010111000101000001001010001000000000111010010000001000000001000001110000100
141441441141144441444414414444444144141444414111011141014144141114441114411444144141111414144444444141444411441015114444414441444410144101444411441411144444414144444444444441014444444114144101441411444110141411444144444441100110000111001000001001011001100010011010100010011101000011100000010011100000
444414411141414141411144441441441441144141111011101414114444441144144144444111444444441141444414441114444114444145441444444444444411144411444110144144114114144144114441444444144441414411144414110114444411444414414414441440100001110001100111101000010010011000111010010100100001010010100001011000100011
441414111444414441444144444444144444441144100144414444414144411114441444111114111411114444111444444444444444411415414414411144114114444414441111444114444144441444441411414444144411444144114444111444144444441441414444411100011001110010001010001000001000101001011010000000010000111000101000100000000000
444444144114441411411444114441144441144114410141444114444414410001444411001444144410144441414441441414114114155555101441114444414414444144114444444414444144441444414114441444144414441144441444444444441444444444441441444410100010101000010100101000100101000100101010001111100000000000001000001010010100
144444441441141414411411441444441411144144141441444144444444411114444441001444111111411441441411141414414441154444114114141144114414141111011414444144441114144141444141441414144444444114144141144411444114444111141441140111001101110000110000000001010100001100000101100100000001011000110000000100000000
144444411414441444114444444444441144141144144114441011414411444441444444110141141444410144444411014114444141554141144444144444411444411010114444444414114441141141411144414441441414144444444414444114414111141144144411111110001001100001100100000100101101010110010001100011000001110110000010010010000101
144444444414441141141441144444411144441014144441441111114144444141444414441444444144141414114144144114414441514444414111144414410144144101144444444444444444411414441414414414444414114444411414444441444444144144444411010010000100000101111101100011010100100010111101100110001001000101001000010010011100
011444414444444144444411144441444444144114411410111144414141141011444441141414414144144441441014444444101441544411444414441444441141444414111141144141144144444444444441144444144411411441144444444414444414444441414114100001110010001011100001000111000100100000101011010010001000000000000010000000000100
144144414144144441444411114444441444141144444441114444441141410100144114444555555554141414444141411114415555544441144444144414144111444444444111441411144444441144441444411444411141411144444441444114111444444441144144410114410010110001010000100000010000000100000001101010001000010001000100101000100010
414441444444414444414444414114414414110141414411144144114414441111114441414544444155444411114441444414555114444444444444144144444444144411444444444441441411444414411414414411141441414441411414444444101141141114444144441444411110010100010000001011000011001010100000101000001100100100001011011101101100
444444414444141444144441414444444444111441414414144411114444441444111114444514414415144110114444111411541441414444441444444441411414144114444144411144444411144414111444444144441444444414410144444141114414444441444141414444100110000000101101000001011000000010101011001001011100000000001010100100100000
111111144414444444441441111441144414441444411444441444414444411441144444114544444145444441414414411555511441441114444441111414441414444444444414410114144411441101101414144414441444414144441441441141444114414444414144114441110010110000100001000111000100000001000001010000000010000011100100000001100000
100144444444144114441110144444444414141444444444444444444444144411014444444514441445444441555555555541441444441444111411144444414114444414411114411414444144444411011414144144444444111011144441111441441411444414444444441444440010111110100001111010000000110110000001100000100010100011000101000011000001
001444411411441144411441411444144144414144414411444144441114414144114141111544441415144115544444144141111444441441444441444414444414441444444141414444441444141110144441144111441411010001414111114144414444114141144444144444140100000100000000010000100110110100000000001100100010000011100001001000100110
014441441411144444411444444144114414414444414144444441114414444444441114455541110145555555144111014444444444444414441444414444144444414414144444411414441414444111414141014441144410010114441444414144444414444441144411444444440000011000000100001110000010100011010000000100000000000000100000000100100000
141444411101441444414141144444414444414141101444444411444101114441410101154441441444114444441441114114444114444144444444414414414144444441444141414444141444111441411110111441114410101144414444444111444114444411011441414444110011111101100101011000110001000011000111000100100101110001001110000001010001
444444144114414444444444111444411444444111114414441411144111001414441015554444144444111414444444114444444144414444444444444444141144444444444414411444444414114414444441111114444441001444111414444114114001444444141144444411001110000110110010100010111001100001100000011001000110010001000000000000000100
414441444414411441441411100141414441414144101411414414444444111111111155441441444114441144141114414441411144144444444441441144444414441441444441111444444144444114441411411114444144114141411441414144101001144414444444144441001100001000000000001000000100000000000110110011000010000000000000111000010001
141441444114141441414441010144441441441441414444444414144414414144411451444411141101414414444144144444441444114414444114444144144111444441111144114444144444141444144144441141414141444444411414101441100000144144414444441000000010000110100001000010000010101000000000010011000010000011110010111100010100
441444444444141141441441100014414144444444444441414414444444444444411151144144410001111411414444141444444411444444444144441444141441444441114441441414144441144144441141444444444444411444441414414414101000144411441444444100000011001111001101001010100011000101001001011000100100000001010000001110011110
444444444444444411444444410101144141414441444444411444144441141155555554414444441001144444414144144441441410144444441114411144444444414414144144441444441141011444144141441444441141144411414414144444410010144444414144101010010100000000010000110100001100110010000000000101000100000000010110010101010001
144414414114141444441411410014444444444441444444144144444444141454144414414444141000144411141444444410141411444444444444101141444441441414444144444414444441011444444410141414144414144444441414111444100111141444114411000010000100101011101110100000110101100010111011000000000100000110011001000101001000
444441414444114114114144410011414411114441441144441444444411410154444144414111010010014441444444411441144444111444141414414414444441411444411444114411144444101114144141144414411144441441444444414414411144144114441441001010001000001111000110001101110100010000001010000110100101000011000010000000011001
144441101414444444114144411144144101014414414414444414441414441554114114414144111011001444414111414444144114141444111441444144414414444414444141144144444414414444441444144441444444144114411144414444444441444411444444114100000100101001001101000000001011000010000001100001010010000100011010000000001000
444141111111141141144444441444444110001144414144411141155555555544414414444144144100114441444444444444411441444114441141444111114444414411144444114444444441444414441414414444444444444114441414414141144414441144444444144410000110000100100101000000000000100100110010001111001100010000100011001001000111
444110100144441141414444441141144441010144144144441455554444441441441411441444444411114414444414144414414444441414144444411144444411144411114444114414444411444114444441411144444441441114444444144444444414441414444444114144001010101000000111000101111001001010001011010000010100001010001001011110001000
144441411444444441441441111444444444100141144114411154414144444114441101441414444444114141111141444144101444444444411144444444414441144444414441441411444444444144144444444114441111414444444444444444441444444444444441044441000111101000000010010000011011100000010110111001110000010101100010000111000010
444411441114111144444411014444141111001444414414445554414441444441144414444444441444144444141141141444410114444444444144111414411144441441141441444144444444444141014144414444410144444444444444141414441411411144414114114444000000100011000000101100100000000000110001001110011000010101110100111111010110
444144414101101414414444144144441441014411444444415144114414444144411414111144114114141144144141414414101441414144444444414444414144414444444444414114141414444144144411444114141414114411441444444144111441414441144114444100000000001101010000000000000000101000000100010000100001000000010000110100001000
444411444114411414411444441144444410001141441444415441144441444444410144114141444441144414144444441414114444444444444144144114444441101411441444114444114441141444441114411144144444144144444141444414441441444414444444111110110101000011010000100100100100000000000000101100000000001010000001011000000110
141411441144444444444411444141441141114144414144455444441444114444411444144444114444444444444114441444114444444414441444444144414411111411444411441144414141441444141114114441444444414441141444444444414444414444441144100001101100010000000000001001000000000001010001010001100011011011100011111001010000
441101441144411144144444414444444441444141444414451141411444144414114444444411444441444414441414114444141414144444444114144414444101444441114114414414414144441414114444101444441414141444144441114144444144411441414114400101100010000010000000001101101000001111010000101000010001000101000001001100000000
444414414441141441011441144441144444141411444414154444144444444441111411414441141414414444414444444141144411111444414441111101444114444414444144111441411441441141444111111441411441444444414441114411144144444444444441100001000001000001100110001000000010010010000011001100000000011111101010100000001000
141414444441444441001144111410114114144441441144454441111141141414414441101444141144411441444111444444444101414441444441441001444411444441414444114144444411444144144444444144141144144414444444144141144441144441444441411000001011010000000000100000001001100000000000101000011100010100000100001001100000
441411414444444111114441144441444444414144144411454144414441414114144141411144410144101114144444441414444414444444444114444101444444444444414411114444444144444144411414444414144444444414111444444444441444144111144144410000001100000000111100000101000011000110100110011000111001010001000010001011010011
411444444444444444144444441410114414114444444441451141144444444144144441414114410114414414411444144444144444414441441444444414414444114444144144444411444441414441144444144414441144144441444414414444411444444411444410100000010011000000000011000000000011010000011000110000010001011001010110000111001000
414414444444144444144411114441444141444144141444154444114144444444414114444414110144411444144114444144441111101144444441141441141414144441014444144444441441444444444114411444441114144114444141414111444411411111001110001110101000000100100010001100000011100001110000000000110100000000100000001001000100
444411444444444414441441444441144441444414155555554444444141111141441441411441410144144411441141444414111444411014444111441444444444441114144444441444444441111444141014111444141441011414441441414144411141444101100000001110100000000100000110010001100000010000001000010100000100000010111000100001101010
114144414444144144414414441141555114415555551141444141444144444141444144444444410014444141441144414444414444144144411114414444441441144444444444141141414144114444144144111441444441114411410141441144441144414100000000001111000000010010000101000000110000010101001101001000000000010100000010100001000000
144441144444444411441444444155515555555144114444441444144144444411414441414444411014444441144111441441441144444414444144141444444441444444444144111411144444444141144114444444414410144101101444441441411000411011000101010010100110000101000100100001111000000000001110001000010010001000001100010100110000
444111444441444444441411555551411414444444441444414114444444141100144444444144100144414141444141414410110144444144414441441444444110114444141011144444414441414441441444141414414441414414411441444141411000001000010000000000010001101000001111011000000101000010000110000001100011000100111010000010000011
444444144444441441441115514441101411144441441114414441411441144410111414411444410144414444444444141100101444414114414144444144414101414141141144441444411441444144414414444441411414414444414144444441441100000100101110000010000100110110011110001000111001000100100010011000101011011000011000000110010011
141441141411444441415555411444101444441444144144144444144144414411444444444444141414101144444414444411011441144441441141144444444111444441014444444441444444444444444101144444444414444441144444444441440000010011001000100010000100100111000110110001000001100010010100101000000000110000011100000000000000
444444444114444444415444144144111441444444144411444144414414414444411411441444444441101444144441441144111411441114444410144414444144444444144114444410144441114441111101411411414444444411444144411441101000010001010010001100010000010001011100000001100111100000010000000000100110000100001000110000100010
414444144414444441155441444414411141444444144441111441414441411441444444441441414141114444141444444444444444444144441441414144444141441144114444414141414144441111444414444411441444141111414414441410000100010011110110100000111011000000100101010001001000010101001001000110010000010001011001010011011010
111144414444414144151441144144410010144144111410014444414114444444411414444144444414441414444411441111444144444141144144444144441441444111411111144141411114444444444444444441111414441414441444411000100100010110010110111000000011001010010100011011111000000010001110000001011010000010010100010100101011
444114444441111114451144414444141101444141114410111141414441444441114444444444111444444411444414114441444441414444141141441441114441444144444441444444414144444144414144441441414111441444414414444100101001110000000000001010011001001010001010010101101001001000110000100000110010000000101011010000000010
414444444144411441154444444144444414444114441111444144444444441414444444444441414114414444144144444441444441444144444144414144114444441014414114114144414141114141411144111411414444444441144441010000110101100001100101001100011010010000011100000011010001000000010100000000000001110000000000000111110100
141411111014144415554444414411441144444414444441144441144414444414141411414414414144444114444441144144441414441414444414444444441441444114144444144414144444444144414444414114414144444444411141000000110110111000000000011000101000001000011010000001000000100100000001000010011100110100011011010000001110
444441444141444125141141141441441441414411141441444111014444444141141144414411444444411441144144444411441114444414441444444411114444441114414144414444144414414111411414444411441114144444444441001001010000000011000000001000100010010011100001010110010010010001011000101100110001000000101101000110001000
414444444441444414444141144414141414444141414444141144111144144144444414144441144414444141444444141411144444444441144144444114441444141144114444414141114411414111444444414141144414444444414441000101100110011100100000000100100001000100010000010010100010001110000000100011010011011011110110100100011000
441414441414444441444444444144444144144444441441144414441444444444414441441141444441444441444144444410144444414444414414114144410144444441101444441410114444444444414111144144441444414414144411100010010100100001111000000001000100001011110000000010001000011100100011011000100100000111000000111000010000
444114414414444441114144444441144444441444144444414114444414444444144114414141111114444414414414144441111414411444441411411441441441444414414441111410144444144414444411014444141444414144144410000000001010010000000000000000010011000110100001000010010010000000000001110110010010000111101101011100101000
444144441444411444114444444444111114444114414444444444444414414414144414444414114444411414444114444444100144144111414441414414444441441101444414444411444444141444141414141144441144441441011141001000010101100011101001010000000010000010100000101001001000000010010100100001100000100010111100001011000000
441414444444111441414444414441441441444414411114414441441144444444444441444444144144444444444114444144411441441444414114414444414144444101414444444444414444444114444114441444441144411110011141100011000001001010001001001010001101001010101100101001001001000101010100111000100101010011100001000000000010
144444444441114414444444144441444144444444141141414144444414141444144444111444441444444144144411444444441111414111414444444444441144414411411441444144441141144441441444144444444441100141141444410000000100000110100100001111001011000010010000100000001110111100001000000100001000010110010100000101111010
444441414414444444144144444114441414444414441441144114444444114441444114410141441141414141144414414411444411444414441441414444444444414444141444444141144144414444444441441141144444411441444414400000010000111101000001010100100000000000100000101100000110000001111000110000000001001000000100000001000010
114444441444444444444414441414444444444441444411414144444441014444441444110144441114414441144414444444411444414114111414114411114414444114444414144441444414444444444441441414444414444144144444100010110001000110001011010000100000010100010011000101010010100001100011101000010100100101111000100011000011
444114444444141444444411444444444411444444414444444144441144101414411414141414144441444444144144144441444144144441441114444414441101111441441441144441141114141444444144144411414114444444441401001100100011000000100110111100100010010001011000000100010000000010100110111100001000000011101011000000000111
414444144444441444444414444144441444414144114441414444141014110144101144444444441444414441111444114141444441141414441114411444444114444441414414444411444444441111444444414101444411411441441111000000001001011100110001010101100001100001000100100110110001010001100110001101001101001100110110011000111100
144444441444110144414114414414144444411144144114141444441114441141114114444144441141444441444114144441144444441414411444414441411014441144111101444444414114141444441144414414144414104441401000000100110000100010011100000101110001011010000000110000000001000010011100000001000000001001101101011100101000
441441441441001444414444141444444414141444144444441144141444441141444441141444441444144111441014114410144444114441444144144141444141144100141414444141444141444444144144144414441414000400111101001111110110001001110100010001000101000101001000001001110101001000010100011110011100110010100000100011100010
444144444410100144114144441141111114444411444144444444444144441111444444414144414141444144444144114441444144444444144141441414444144141101441444114441144444414444441011141444444444000011000010101001111100100101001001101110111001001010100001110100011011101001110001010000110101000000010101110100001010
441014114410111144441114444441111444414441144441441411441144444114141144444441114114441141144414444141141414444144444444141414111144141114414144144144411444444411441000444414444101001101000101111010101101101100010100101000111010010010100000100111010000001010101010100011000101010100101000100000000110
444111444141441444144444414411444444444414441444141441444114114144141144441444414444441444444414114144144414414441144114441441141444444144444411441414441144141144141110111441100100000011100001010101000001000010010000110011000111111100000000000100001110011100000000100000000011000000010100000100110001
414111414444444414114414444444441144414444414444411144441414144444414444141144144114110144444101144444441441141111144444411144144441111444441444444444444441441144444441440100000011001000111100001100001100000010100010010011100011000010110000001100000110000000100000010000000000000100000000010110010111
441444411141441114441114441441414414441444111444141441441414141444441111444414144411001414444411144114444441441144444441444444411410111141441444144414441411144144414441410100100000010000011000000000001100101010010010001000100000100101100010101000000010011100110100000010000000111100001011010001000001
414411444411414414141444144444411414441414114144444414444414414144144144414444414444114444441114444144444141144444414144441414111441444441410144444444144144441441414411441101101011110101000001101000001100101110000100010000000111000011100001011100111110011100110001101010000101100001000010010110010101
144444444144411444441441144414441444411144144444144111414114444444141114444444441411444444414414144444144411444441444414441444441444411144441444144114114444444441414144444001101000011011100101101010001001000101000100001101001000100000000010101010000100000100100001000010100001101001001010010010000000
444411414441414441114441111411444444111114444414444414441414441444414441114444144444444114444441414444141444444441414414444144414414144414141114114444411141114141414444441000000000000000000100101001111110101000000101001001110001111000110100100000110001000100011000100000000000000000000011101011000011
144411444441414444444441444444414444410014414444444411444441441411114444444414414144444144444141414411444144141444414114444141114144144414441111444444414441444410114411001100000101001100000010110100010000101110000100100110001100101000011000100000101001000100001010101001101100001011000001100001110101
444144441441444414444414414414441144100111444411114114441144414411114444111444414144144144444114444444144414144414441144444414441441441411141101144114144444144100101010110000000000100100101000100001000010001000011000100010100010100101000010001000000110100100110110000100101011100011001001000000000100
441141444141144444444144444444141414411144144411444441144144441141011441110144414414114444441001144141141414411444414144444144144444444441141011144444414414444411011000000110100000100100100001100000101110001100100110001000010100111111000010001100000000010100111000100001000101000100011000101001001110
144444444144441114441444414444441441414414141114411441141144444444144444411441444444414144410100111141441144410114444441111144144444441444444111141411414444144440011001001001001100001000100001001110100010100010011001000100110010100000001000001001001111001100101101000000101110000100001000000010111101
144441411141141411441114114144441444444444410111101414444444141141144444114144144144411144111010001144441411101444444410114114144144410141111000111410100004411101010010010101100000011000001000101100100111100110110000011010000100101101100010011000100000001001011000010000100000010000100101010010000011
141444411141144444414444144141414414444441411444101111414444444414144114444144111411114444410001014441144444411444444441014444441444411144111001001110000101010100101100000001001000111000000010001010100010100000011101100011001110000001001000000010000011010000001101000000000001000000100011110000100000
111141414414441114101114444411411144141444441114414411444141444444441441444141414444144441441010114444414444444444441111144414444114441014441001100100011101000100001100000000100001000000000110011000000110010011100011011010110100100100110000010110000100011001100010100000100011000110000010011000001000
111011414144411014414444441111441441444444441414441444444441414144444441441414414441414441141001414444414444444144444444414144444441411000110011010011010011100000101011011111000011100011010011000100000001100000100000110001001010101001010011000001000010100000000001001000011000100010010010000100000001
000011444411441114444441414444144144114411441444414444444444111141111144444411444114444114110014444114114411414144111414414144441111441000100101000000011100000000111000011001000000001001000010010100101100110010000010100101010000100010100111101001110100100011000000000000110000000110100000010001100000
001001441441441144444444114144444444444444444444444114411144414414414141144444144414444414441011141444444444111411441411414144441444101101000000010100001100000110010111000011100000010000100000011000010011110101011000111000100000010011001100001001000000000010000100000100100000111010000111001100011001
000111141444411411111444441144114444444441414144441444144444444111444411441414414444441414411114444414414444444441444414444114144441110000101101000001001011111100101001011010110001010000000110110100101111010010100000011011100100000101001001011001000100011010000000000100000101101000111010000000011000
100111014444144444444414444444444441444441444144414414441441111444444111414414114414441144411114444414144144411441141444441111011110100000000010000100010010111101000000011100100100011110001000101001011001010100101000100101000010011001100111000100001100001001100101011011100110000001000000011100000000
001000144144144441144441441444414114144411444444414444111444101441444414144101444441444444444441411444144114414444441444410100100001101101101100000000010001000010001101000000001110001000000000100101000100010001100100000100000000001100000000111010001000101010001101000000101011010010000001100001010001
110010014411014144414144414414101444414101411144444414444144411444414444441411441114444141114141441441444444144444444111100000001000010100010111000111000010010101111001100001000001000000111000100001110110100010001001110000101110000100110101000000000010001001100000000111011000001110100011000001010000
100110144444144411144141444444414144441010101444444444144444114414101444144441444441144144414144414411441141114444144144101000000000000010100001100000101000101000000000001001111001000000111100000101010010100100001000000100100000001011000000110011000110010110001000100010000010000010000000100000010010
010111444114441441014114141141414444411141111441141414441441141414100111144414141444444111444141144410111414111144444444410000000000010000110111001001101010011110010001100110010110000100000000010101011001000110100000010000111011000110110011000011001011101010110001101001000110111001000000100000010010
141414414441441114111144114441141114444441441444141414441111141141410114441444441144411144144441441411414444444444414441141100000001100011001010001100010010101001011000000110000101000101001010110011100000000110011010100010101100000000000000001100111010101001011000000000100001000011000010110011011011
441444141111411144414414144144444414144444411444414444414444144441411444414441444144144444444111144144444144444414441441144411110000010001100010111000000011010000110001010001000110000000000011000101001011011000001010001011110100010011000000001000011100000010000010001010011101100100010001100010000000
144444444444441144444444444141141101141141110144144141411414414411414444414441444414141441444114141414414144144444144444444444401000100000100000001000001011010011111000000010010110001000010000101110000100000110101001010001001000001000001000010010100011000000000001100000000000100101001100000000100001
414144114141441444444111414111444414144444441141441444441441414444441114444444144444444111411014441444141444414441014444444101010011001110000100011111011110010000010010001001001001111101110010100000001100010101100010011011000000000110000000010000000000000100000010011110000010100110000110100101000000
444141444414414441441110111114444114444144441444141444414144441144111441444114444444144444411001144441144444114411004441000000000000101010110011100001110100000000111000100000010100001110000110100010001010010000001100000000000000000000000110101111100011110100000110001010000000101001110000010110000100
444414441141441114144101444444441441444444411114141144114444414144444441444101441444414144414114414114444444441411000110000100010000000010010000011100000001001010000001100100000000001010010110000101001000011010010001010000100000011100000000010100100000000001011000011000101100001100011010010011101100
444411444144444144414114444414444444441444141144441444114144414441141411144414141414414114444414414411441444444411000010110100010100011100010100001001101010000000000010000011101000101000011010101110011001010011000000010010101100011101000000100101000000101000011001000110000100100000100101010100011010
441414411414411444114441414144141444441444144411444144144444144144410144411144441441444444414444444444441414441100001110100001000001100110000111000110010000100010000110111100101100001010000011000100111001100000010000100110101010001000100001110000010011000010010101000101001000000001110001000011010010
441444144441410144441411441111114144444444444441441444144411441444441444444414110114414444114444441444444444141000000000100010001010000010001100010100011000000011100000011100001000110011101100000000100000001101101001001100011110000011001100101001011000000100111100000001010110000001001100000011100000
111414114411441144411444444444444414414441441441441141441444444444441011444444441414441414411444144144141444144101001100000000000100000011111100100000100011110011000100000001001100000010000010000111010010000000000000010011010010000001101111101000010010001001001101111011100011000110000001100001000000
001444411444444444414444111144444144414444414444141414414441441414144144414114114414444441414411114411414144441410110000000110111111000001001000100010000001001100100011001000011001010011000101111100000001001100000110100011010100001100101101100101001000000000000101000001011010001001001000100001000001
101114414444144141441444114444444144444444441414414414144444114414441414101101014444144441444100144144444411444410011101010001100111100010000010011010111111000000100011000100111111000000000000100010000010000101010100110100011001000001110001001101111000001010010000010000000000001001100000000011001010
001044444444411011444444101441141444441414141444411414141441441144144441111010014144444444414411144444144444111411011001010111011000111000110111000011000100011000010001001010000001101011010001010001000001011011001000100010101010101100010000010001100000100000010100000010011100100101001100000010000010
011104144441411144411141011444411414410144444144114444144144441441444141101010011444444414444444144444444444444440001100000111000100001010000111001000010100101011011000100000001101000101100100000011100010110000010000000000000100000010010110011011011000001000010101101000110100000010001001010010001011
110100144444441144101010001444414444110141444444444141011144444110111044440111011411444441414414444441414144001000010101110001000110000000100001000010010001011000000100010101100010000100110100101101110000100110000000010001000011110100000100111000100000001000101000000000011011010000000000000101100000
