0000000000100000110001011011010000100111001101010001100011001010101000010000001011010000000001011101
0000000010101011111100100100100000100100110000000010010000000101011101010100100001000000001001000010
1001101100010000000101000001100000110001100101010001010010011010010101010101100111101111111000001010
1000100000100011000101001000011000000000010010001100000000010101010001011010001101100101100000110100
0110000001100000101000000010010100001010111001110100010100110011001101010010101100001111001101010001
0101100001000011010001000100011000011000110000000000100101110101101001110110100110000000000100000110
0000001111001011111100100000000001000001101011010000110001000000110100010101100100111000000101000111
1000110000100101100110111000100100101100111101010000111110000001101100100001110010000100111100011010
0011010011001000010000001011010100000001001000000100000001001100010001001101101001100001001000010001
0100010000000000000011000110010000100110011001000010010001001000000000001001000001100001001100000010
1001110000100101000000010100110100010100110010000010101010000011000110000010010101000100000000100100
1010100000111100100011001011100111100010110010100000011101010010101011110000000000000000001110100001
0000000100000111110010100000000100111001010001110011000111000001010111000000110000011000000000111000
1001110010001001000010100000100001100010000000011101000001011010000000000111010011111010001000011110
1011010000000100000111001000001110011010010010001110101001000000001001000100110011101111000010010100
1011000100111110000100100100100100000101110100110010001001000110010000000110101000011000010100110101
0011001000000001000100001110100010000011011001001000000010000100000011000011111011100110010011101011
0010011010100000111100000010000100000101010101001000010110101000000101001001000100110100100100001011
0000000100110100110011011011001110101101100000000011000010110000001000110000101100001000010000000110
0101100000010101100000101011010010100100100110001100000000110100000001000100101010001111000111000000
0000011010000000110000100000100000110101101000100110110000101010111001010011001000000101110101011100
0100110010010000111000100100110000001010010001111000001011011001001001000000101100000011010001010010
0000101000000000000101101100000010110000010100000000100000001000010110000000000000100001000110011001
0110011010011100010100110101000101110000001010000000010011001110100001100101100111000110011000011001
0001010010100001101000000000100010010000100100100100100001000100010000011000010111101011000000000101
0000110000110001000111100000111101011010000000010100000000000010010001000010010000000110100011010110
1101000001011001111000110001011001000111000010010111000011001100011000010101100001000011001100110101
0110100010111000000000101100001010010010000101001001011000000001101000000010011001001010000001010010
0111001000010000001101101100011001100101100100010010100100010100000010010000010000011000110101101000
0101010011000000010000010101000000000011100000001000001001010000000010100100101110111011111000001000
0010110111110111000001100101000000000001001010100010010100110011011101000001110010000100000100000101
0101000010100001010010101000000010010001110011001011001000010011001110000001010001000101101010010110
1000000001111000111001001011000410301011011100000010010010000010010000001100100010110001011101100101
0000110000000100100100011100010441511010001000000000000000000000000101011010100000100100010100000101
1110100100000001011010000000111441501000110000100110000001001001001011100000011101110100101001011010
0001010011100001100101010101010441510001001011001011101010100101010110111101001010101000010001010001
1010100000111000000001010000101555500001000000100111000110000110000110000011000011000100001100000010
1001000001000000010111011001015514410101010000101110000010001000011100010010000000000110100000101000
0000111110011100010100001110115114401110010001000001001001001000000100110100100001000100111000101000
0001000101000000001010100000115444400010011011010011101101111010010001000101110001111110010100001000
0001110101000001001010010001055444400100011100001100010101100001000001010000010110110001000110010000
0010100001110010010111010000154444100000110010100001100111110001000001001001000101110011001111001000
1010000010000010001110111000051101110000101100010000000001001001010000011000011000001100101100010010
0010001001000110100000011100054414141010010110011011010100100000100000100100010001001101100000100000
1001001010101000000100000010154444444001101100100000101111000010010100000010011101100001110101110000
1010101001001000010000000101554444444000100111000001000011101100000000000100000000010110001100100010
0010100110010010110100001100511141441111100000110001110000001101011000000001110000101010100100010010
0001100011101100001001010001555444411000101111000000100000001100110100010000001000100010010000000000
0001111000011000001001100101015444444001010110001110001100010110010000101000100100000110000101010001
0001110101000101000110011101145441440010011001100101111000000001000000100001010001001011001000100011
1111011001000010000001000000445444101111100000110100010010000011110010100111010010110000000011101100
1100110001110011101110000101445144411000000101010000000000001000000100000011110100000010001101101010
0000000000100011011001000001145444140010001010100000101000011001000000111111000011010000011111110001
1101000001000010001011001110115144441101100000000101010001000000111101010100011101100010101001000000
0011010000010011000100101441415114400010010101100000000010000000000100110010100001100100111100101000
0000111001100000000001111441555100000111000000100000010101000100000110101000100010010001011000000001
1001000001000100101001014441541101110000010100000010000010001000100101011000000001001011110101000100
0000000111000110010100044555544110001011010010010100101010000000100001101001000010000000000000111100
1000000101001001010000014514441000111101000000101000110100100000011010101011001011100100001011001111
0001011000111010100000114551441000000011010001001100000001000010000000100000000010000000000100110110
1101100101011001010001114154110000100101110101100000001010011011000000010011100000000000000111010100
1000101000000100000100001454411101000001141410001000001100000000000000111001101100001000001001000101
0100001000100000000010111154444410110101444411100001000110100000010110001010100001011000011001110000
1010101000010000000000044154444410100011114411011100001101001011000001101010011010010000101110010000
0000010011100010000001041454444141010014444441001000110000110010001001110011000101010101100011010001
1101001010011100010000041451444444111144414441011010101010001000010010000100001101100110010100101010
1110100101001001011011044454441444111414114411001000001000000000110100000001111100101100111011001010
1011100001000000100100044454141114141441444410114111110010001101010000100011111100001011011110101100
1010010000001001000101144455414444144444414441444401000001000000010010011010000100100000101010000010
0000101000010101000100044415414444411441444141114400100010001000100010000000100000010100111011010010
1100001000010011010111144145444141414411444111114400001000001100000101100100001000110101101100000000
1000010010000000001100044415414144101444441014444110000100100100100100011100000000000101001000000101
1000100001000010001100044415141014411414444141444100001001000010010010001000110010001100001101000000
0001001000000001001001011445441144444441444144444400010101100000100110000000000000101000101100101000
0011100011001000000010144445444114411144144114444111000101011010000100000110010000011011010100101011
1110010000010111000000041415144444114444441441414111000001000100110000110010010101000111010101001000
0000110000000100010010141445111444101114444141441014100001011001100000100001010100101100010000110001
1010101001100110001010041445444114101444414144144114101101001001111100011111100000000011001010001000
1110100100101010111010144445555414114441444141444144410000001000001011010101000000000000111000001011
0011000000110000110000014441415411414144141444444444100011001100011010000010010000000000100001101000
1110010000000110010001101144145555444411144141411414410000001010100001000110000001110100000100000100
0100111000010000000111110144441415414144444441440144411110000001000000000100110001100100101001100010
1010001001100000110111100114441445555414441411401414101410100001100100110011000000000001010000010000
0011001101100001001000101114441144415511444441011444101440000001001001100010010100101011001000000010
0101001011000010010010100004114444411541414444144141414440000010011000001010101100010100000010011100
0000010101011100001111111114444441141544444144444444444141010001000111110100010001000010000110000100
0100000010100100100001001414414411444514444411111414141440011101010000000000000010100001000101001101
1110001000000110100011000444444141411514414444411444444410000000100111000010110100000100101111001010
1101110000000010010100001444411444444551441144444111444110011000100000100011111100101011011001001010
1000100010100101101000011441144144441151444144144444411440000011000100010001010010100010010100100000
0100000001100000011001004144441144144451441444444114144441001001000011000001000000110101100010011001
0001000001000100011000004441110144444454144444444444444101110100001000001000000100100000010010000100
1000001000011000010001004414411114114454111444114444444441110000000110101000011000000110001011111001
1111000000000000000010104444441444141455100114144444141100100110100001001010011001001011000001110100
0111100100100010000000011114444444444415411001114444414100100000000100000111001000010001001100100000
0001101010110100011111000144441144411115554111011141444100000110000100010101000011101000000001001011
0001110100000101100000000044444414101144154444144444441410010100011010100000001100001011101100101100
1001010000100000101110110001144441100111455554441444144441000101100101010011001001100001110011000001
0010001100100010000010000100114444410114114154141444144444000100000010001000000000010110000101010000
0110010010110110001010101011101444141444411154144414414410100110000100101001110000101100011010000010
0100000000001010001101100000001111141114444551444444444410001100000100000100000101001100111000001101
0000000001010000000100110001000011441144144511144144144441011000111001111001110101010110110011001000
1001001000001110100000011011000144444444444554414411144444011111011010010000111101110010100000000111
0010100000011001000001011144111444141444144454114414441444001101100100000011010000111111100011010001
1010111001001011001104144114441144414444444154444444110144000011001000100000000000101001111000001000
0001100000000010111014444414414441444411411154144144411441110100001101100001010100000010000000000000
0011010000011001111004444444144411141114444151441444444144100000000110001100101000100111000011001000
0000110100110101000010144441014444144444144154414114444444100000001101000001011010001100100010010011
1000001000010001000010144444144444441444414154144114411410000000000110001110000010100101001010100010
0010100011000000001010141444441444444444444451441444101101000000000000111011110000000001000100010000
0011110010000011011010041444114444144444144554411444411114101011000000001000101010000100110101010100
0001100001100001101111114444441114441444115514144444441444100000101000000000011111010000010001100011
0001110011100101000144441444441141111144445111441144441441001110000010000110010100011111110011010000
0101000010001000010144410411141444441111115444414444444444101111000001101100010010010010101100001100
0100110001000001111444411100014414441115555141141441414441110110100000111111101011000000000100000110
1110010011001001011414441110141144441445111444444414444141110100000000100100000001010001000000101100
0000101000100100044444444441441444441555441444441414144441101001010101111010100101000000001000000010
1000100001011111011444444441444414114511144144444101144110110000111101000000001001010111001010110000
0100001000111010010144414444444144444555141444444414444111001110110010010000110001001011101001001100
0001010010010000000144444444444141114112144444444444414441010100010100010000110000000010000010110000
1000001011001010110441141414414441141444444411444444444410000100001011010010001100010001011000100000
0101110000110001100144411114101141444114441441414444444410100111000000111011000010100100000110000101
0010001010011011010110441444114444441141111414414114114010010011011100011000000001000001010000000000
1001111000100110100010144441144144441444444444444114441010101100011000000101000001001010110000000001
1001010011010000011010014444414414414414414414414441400001010011010100100110100010000101000000000000
1000000000010101001100014414414444414444444114441444401000000010000100000000010011000000101000111011
1000100110010000000000010414444144444444444141444441001000001100110001000010011100100000000011010010
0111100000101000001011000144441444444411141444444440110011010111000100001000000011000000000001000001
0000110000010000000000001011441444411444144411144411101100000100000101000001101000101100011000101000
1000100010000000010111100044441441444444444444444101011110001111000101011000010011001000010000010100
0000101001101001001100000004141444444414444414140001001110010000010110001010011100000100000000011110
0011111000011100000111000100441444411444441401000010000000000000100011001001110100111101010000000101
0010001000001001001010010011044141411444410001010000110110111000100000101000101011000101101100000000
1100001100000001110011100001000010114414400000000100000001000010010000011011000011000111000110100001
1011001010000000001010010110100000144101100000000000101101010000111100000010001010010000101011001001
0000100000110000000101101011010001111000010001100001001000010101000101110010100000010011010000000100
0011010001101101000000101000000100100000100100011110100010100110010001010000100000011010010001100100
0000010100110100101000000000000010001010000100100100000101000101000001000000110000101000111000100110
1101101000000001000010000000000000100100000001010011001111011000000000001010000101001000100000000000
1100101000101011010000001010000000001010111010111000000000100100001100101100001000111010010111000100
0010000010100101000000000010000010100110100001100001010110100010000100011110001000000010011001110100
1000100100001001010001001110100100101010100001000000100010000011001100011000010101011000000001000100
0010001100000000100010101101011000111000001011001000000110100000111110010000111000000001000000000000
0010001101000001000100101010000000100101001000000010101001101000000101101010110010110101000000010000
1101100000001001010010001100010011010101011101001110000100000110000001101010110001001101100000101000
1100011010000100000010011000101101011010000100001000100010000110000000011100000101000011100000000010
1100000110000000000010100111000000000000101111100101001001111100100001010000000000011110010000000011
1011111100001000111101011001101000000100000100001000000011100000011001000100110111001110100101101000
0100101100001000111001011100100100010000001000000000000100110001110000101110000101000000111100011001
1010111101110010100101010101001000011000010000110000001001010010010000111000010000101010100100000110
