1111000010111110000100011010000100000110001000000101111000000000000010000111010000011001000011000010
0001000010000110000010001001000110001001000010010100100010111100000010110000111100000100000100000100
1001101100001011011010100110000010000101100100111000000001001111101110010111010011010000100000000000
0100000101000101101101000100000011010010001001001010001000001000010001000000000010000001111000000101
0001000000000010110000010100000101110100000010100010010100010101010100110001011000110010000110010000
0010100001010010001000100000111100011011010010011100010000101000000010000110000000000101000001000110
1010010010001000101111000000000001100000000011000100001001000000001001000110001000000000100000001010
0010000000000000101100000001100100010000100000000000000001110000010110011111100000100000011010010000
1001111010001010110011010001001100100001111010100010000000000000110110110001101110001100010000000100
0000100100100001000010010001000000100000010011010110000100010110001110001001011001101100011110001011
0000101001110101100100001001111000111000000010010111000100001100101100010001101000011000000010010100
0001110101010010101000010001000000001000100110111100000100000000001010101110100000000111000000010010
0100101000011000010000011011010011011101100000000001000110011001010010000100011000100100001101001010
0010001000000000011000100010001111010100100000000101001000010010010101100010110000100000101100110001
0100011100101100100001001000011001110100010001000000111101000010100100000010010110001010000111000001
0000110010100000111010001101001011000110000011010000000100001000001101110110001000011101010010001011
0001111010101010110111010110001100000010110101000000000010010011010000000010100001100000101010111100
1101001101000011001000111000011001000100001100001000010100010000001010011100001000000000000110100001
0011101101111001010001000000000001000000000101000010000110101100100001000110001110100001011100000010
1010001010011010001011000000001110011100000001101001110101111100100101000010110001000001010011010011
1000101000101100110011000000110000001010010111110011111000101100001100101101011000011100001010000001
1000001010001001010000100001001000101010110101101011000010111000000001110010000111111101011000110101
0100000110110011010001010010000101110101010011010010110101100100110110100101000001000001011110010000
0011000000000010100000001000001010000101010110001000000000100110001000111000111001110000010111001010
0110100000111001001001000100100010000100100000110110011000100000100000000100010111110101111100010100
0010111100111001100010101001010101010000100001110100100110000010010010000001010000110100001001110010
0110011111000010001100100000010011101010000001000000001100110000101100010001001100101000000000010100
0100001000011100000100010110010010000100011011000001100101000000001000000011011000101101100000000001
0101001110100100100101100001100010010000110100111100100100010000000000001000000000001000010011000000
1000001001000001000101100110000100100010011000010000010100010011110001000011010101001111000010010110
0000000111010001001110010100110000000110001100110110010011011011000101101001010000001010011000000001
0000100100011000101000100001101100011101001000101110011010101100001000100100000001001100100110011010
0001001110000000100100000010000101110010011000010000010100001101100110101010101000001000000010110110
0001000000001111010010111100010010110010101001001000000000100000000010000101000000011101000010000001
0001000001110010100010011001100000101011000000100011101001111110001110000001001000001100111101000101
1000000010010001000010001011010010000101110110000001001101011110000011100010111100100011011011100100
0000000000000000110101000110000101000001101000101000101100011100111000100100000010001000101010010011
0001111010101001000100100100010101111100000001000000010001000001100010000100001010101000110101000000
1000000001000100101010000101000101010011011000101011011010000001001010010010111110001001100011001000
0010001010000110000000001010111000001110000011000000000111011010101000010000000100000100000010000101
1010000001010001001001101111000010001000000001001000000010101101100100100011001000111000000110000100
1001014155551100001011000000000010001100100000011100010001000101100000110101000000100110000010001011
0010144154130000001100010111000001001000001100101000010000100000000010000100011100001011001010001000
1001155551000101011100010100001000000000101100000100000001100000000000000001111101001101000011010110
0100154110110100010000000000110000010000000000100000100001001000001001001100010000001000010000010100
0110151441100111011000001110000000000000000010000100010000111010010000001100000010010000100011011000
0101155441110000100110110010000000001100000100100010100010011100010010000000000001100110000001111010
0010415441411110001110011100000000011000101100001000010101001011011010110011000011101100000000000010
0001445444411400110010010000100100010001010000000100001101000000000010101011100010011011010001010010
0100015441444401011100000010000010000010000100010001100010000000010000111000001000110000000100000001
0010145444144100010000111010110001110000000011010000000010111001110000010010001100010001010010010011
1100445444144400100110111000001000001100101000101011100110000011111110100000010001001000001000100000
0010445114444400110010001000100100110000100101000110000110000000001101000100000101100000001000100000
1111145444441000010010100001000010000000001001011000100011000001110101000100100000001000010000010000
1444115114410010001011100000000010100000101000100110011101010100000100001001101010010000000100010010
0414115414441000100011000000011000000100011000100001100011001000001100000001001001100011000000001000
0414415144110110110110010011000000010000110011110011010100000000000000001000100000111001010110010111
0441555441441441010001011101101001000100000101000000000001000100100011011100001001111101000010001101
1444544414441140000100011011110000000010100000010000001011000000010101111010001100000101100000000110
1441544441444440001011111101111000010000000100000101100000100000000000001010001100110011000000001001
0445544444414440000000001010100000100110000000000101010011110010010001000101001001000001010000001010
0015444144141441001100001000100010010000000100000100110111001110111011001011010100010010000110010010
1115444444444411011411010100001010000101001111011001100110000010000111111010000000100001101111100110
4115144441444410114444011011100001001000010111001110000010001000011110011011100000001001010001100101
4445411144144140101144010110001010000011000000000011000101010000100000011110000011000101000000001000
1145141144444441111441100001010110100001000000111001100111010111010001000101000011101010101000001001
1445444144444101411444401100110101000111000000010011101010000101101000011000010000100001101000000100
4445544441141014444414400000110100010001000101001100011011111011011011000000101100010010101001010100
1441544144144001444144100011101000011000001100000100100010001100010000001101110100000001110000101011
4445544444140114414414401000110100000001100001100010000110000000010000001101010001000000000010110001
4445444144100144141144410100100000011011010011000000000000001000010001000100100010000000100001110010
0145411444110014441144401000000001010010000101010110000100101010111001101100000000100000100000000000
1115410014440101414444110010000000010010001110110011010100100001000100110010111011001000001010001000
1455441011010101444141410110000100000110000000010101001010000000100100100000001110100110010100100010
4454441100000011141011410001100010000010000000110101010100010100011100101000110100100110001101010100
4451410101010014444111441101101101000100000100000101101001001010000011010000000100001000001111101000
4454441001010001114444444100000010001000000000000110010011101011000110010100110101110001110000000100
4151141100101101444444411001010001010001001010000010001000000011001101001000000010001100110000000001
1155514410114414414414411110011101100010000100111000001000101001010101111000000100011000000101100000
1441544100014414414444414100110000101000111010010000000000110000000011001010011100000010000000001000
4444554111144444444414444111101100100001001001000000000100010000101100100001100000111110100010001010
4141154441444144444441441144401001010000101010000111011100100110000100000101001000000011000000011000
0144154141111111111414411444100111000011001100100000100000000000011000010100011100000000000000110010
0111454441441444414144444444100000000000001000111000010001110100010010111011001011011110010010000011
0011455444444441444444141414100000011000110111010000111011110001000010000011010110001101011100101000
1114115414144444444444114441100000100000111101110010010010000100000001111010100110010100000001000000
4144415444444411414441444441100010001100000111011010100000000001000100100000000010101111110000000011
4411555144144444441411414444100011000011010000000011001000000100000110011001000000010011100111100010
4115514111141444444444141141410001000000010011000001000011101000000010101100010000000011100001110100
4445414441444441444441141444410110110000000110001010001110101011010011101100000011110101011001100000
4145444141144411114444441441140000110001000010011110100010000000011111001110001000010100100010010110
4445444141441114414414444144440000000000111000000100110001000111001010000000000110001000000000000010
4145444414444444444444144144440100000100111100100100010000110010010010000001110000110001001100000100
4445411444114114144444444441400000010010111001000011010001110100100100110000000011010001000011000001
4415414441011441111144114414010101000000011001100000000010010100010000110000000010000010110001000000
4415144444114441444414444414000010100001001010001110010011001001010101000010001100100011101000001010
4155444441141444411444414144000101000000110010100010111110010100000010000000001100101001000011001011
1454414410144141414111144441000101000001101001010000011010010100000111100010001110011101111001000010
1454411101144441444411014410001010111000000010110110100010010111000110110111100101001000010110000000
4154114411444441444414101400001101000000010000011010000011000001001010011011100000000110110001100100
4451414441444414444444100000001100000000100010100010100110110010010111000010000000101001010010010100
4151444144141411441114100100000001000100100101000001100101001001001011010100001010010010000100111001
4151444444141141144444411010010101000100000010110110010100010001111010101000011101010000000001000110
4451414411014444111441410010100000001000000111101101100001010100000011100101000101110001000001010000
1451444441111411444441110000000110100010000001000001010100011011011011001010100000101100011001000000
4455414414444414414444410110011001101011001101000010011011000100110111011010110001010011011000110000
4415555554144111114441111441000000010000010010101000001001101100110001001100100101001000000000110010
4441441151114441414441444444110111001010000010100000001100010101000011011100010000010000011001100000
4141444454444444444144144411000010000100110000100100000000001001100000011000010001000101101011010110
4444441455554414141444441411001011011011101001011010110100010000001001001110000111101001001100001110
4441144141154444411444441410000001000110000010000001100010001100000101111100000001110010011000000000
4410144441451444444414414100000000100000110011100000001100001010110110011101100000001010010110000001
4100144411454414141114444410001100010000000001111000001101010111001111100100000111100100011100000000
1411444444454444444144444441000100100001101000000111000101101011000000010100000011100000001000001001
4444144144455544441144414141000100100110111110010000010000111010000001000101101010000000011001001001
1414144144441555555444414141001001101010000111001010111101100011001000001010000010101101001101011001
1444411114441441115414444144110001011110001011100110000000110000111100101100011000000011001010010000
4414444111410144115544444444441000100000011000000010110101001110000010001000100100001000001100111010
4411144144141441111544444444444111000011111100110000000000000111000010001000111101000000101001000001
4114444144441441145541444144414101101001010000011000000000111010000000000101100100011000101000010000
1444411014444110155144144441441114411001000000110000000010001100100001001010001001010001000000101010
1411444111144411451444411441444414100000110000011001000000011001001010011100000110100110000100000110
4441141144444144454141414111144444411101000101011000101110001000100010001100011001010011000001010000
4444441444444444154414144101144441444110010000000011000010010010000001010100100000000000000110111101
4444444414144414154444441014444444441440110010100110000001100000100000000001000000010010000110100100
4414111444441141454444141114444441444410011000101100010101111001000111100000001110000011100001100001
4414444411444444454444114444414441441411001110000101000100001001101000011000000111000100000101000000
1444414444441444451444411414144444410001000000000010110010010111100100000000000010010010000000000000
1411144414444444155555444444414114100011110001011000001000101100000010010100000100011000100000001000
4141444411444144144415441444101114410011000100000000011100000001000000001000111100010100101110000010
4444444444444441111145141444411011400001101000010101001000000010011111011000100010110000100101010001
4444444444411114555555141444410101100011010001010011010010001011000010000001101101000010000001011000
4441114144114414214111414444410001101010110010000000010110100011000000100010000010000000001000010001
4144141014444411111444444144110110010010010000000110000100010001000101010011010001001101000000010000
0444444141444411414444414444101010000000000000001100011010010010000000000011000100000100011010100001
1144114144444444414414444111011011010110010100010000101000000010001100010101011010110101111000100110
0101101441444441441114444411101110100100000110100110000010000110010000000001101000100100101000110010
0010001144441444144401441410011000010010110000001001010001100000000011011000010010101101100010011000
0000010114141114444110111410110100010000001000100000011001101000010001100000011100011000010011000101
0010000114444411144411441410000010010010001000001111011000111100000011001000100000000000011101010000
1000010001141414444444444410001000100010000011100000110100100111101001001100010111000001011001110111
1111000100444101441144444411000001110101010011111111010001100010000100001100100100000000010001101101
0000010100141000000000100110101100001011010101110100000101000010000100101001100001000111101101001000
1000111101100000100000000011100011100100010001010100010001000011000000100110001000100100000000001011
1000001010001010001000101001100010010011000010000000000110110011010110110000000001000011000010100000
0010100000000011100000010001011001000101100000110010010100110000000010100101011000111000100000000000
1000010000110000000010000000100010000001010100111100011010010011101000000100010001000000100000010000
0000100000110101100010110001010011101010010000101100011010011101000111001100100100000110100010100000
1010011110000001100110101100010000010010100010100011010000111111000000001111011011011000100000000000
1000010111011010000000000110101000011101001001000111101000010100010101000000001000110001010101111100
