1000111010100111011101111111110110110110110101011111010111010111011111111111101101111011111111110111
0010101110110111111111101011011011110110111101011011101111111111010111111111001111010111011110110111
0010011111111110110111011111111101011101111111010111101100111111101010110111110110110110110111101111
1111111111111101111010110110100111101110111111111011111101111011011111001111111101110011111101011011
0011111011101110111101011111111110001101111111100101110101010111111001110101000111110111011110001111
1111110000010110111101100101011101001111101111111111011011111101111111011010011111101100001011110011
0011111111000111100110101011111001011101111111110101010111100100000110111111011101011110101010001110
1101101101100101110111111100101011111001011111111100111111101111111111111110111001001101111111101011
0110011111111101101001111111111111111011110101111111110001011110111001000101111001111010100010011110
0111110111110111111101101111111110010101111100111110111001110001010100111001101111011111010111010001
1111111110101110110111000111111111110011101111011111111000011001111101110100111111100110111011011111
1101111111011001111101100111101010011111110000010110000111111111110111010011011111110100011101101111
1011100110011111111101010110110100110111011111111101101100001001111110111111100011110111110110111100
1111111101111110111111101011111111011000111101110000111110111010101010110111010111010110100100111001
0011001111110111101110110110101100011111101111101011111011111111110011111110101111101110111010110010
1101101010111101011010001010110110110111111111011110111010011111111101101111011101000011011011111111
0110110101101101110100101001101111110110010110011101111000011111001111111111110101000000111011001101
0111101011011111111000011101011110101100010101111010010011000111101011110111011010111111011100111111
1101111101100010101010111011101111001000110100111011111111101011111011000111011111000000110111110110
0111101010110101111111111111011111111101111101010111100110110111101100101111011100001011111111111001
0101110101101111101110111111001111011111110111111001101111111101100010100111001111101111100110111101
1010111111111010111110111110111001101111011111111000101111011101111110111111111011110111101011011111
1111101101111111110111101101011101010110111101111111101001101011110111110110111101111110111110100011
1110110111111111000110111111101111001101101101011101011011001111001110110100101001111111111101111101
0001101011111001111101001001111010111111110111011011111110100111001111101111101111101101000011011110
1001010110110111101110111101111111110111010111110010101110000101000110001001111111010010111111000111
1111111011111110001001111011011011100010101001111010111111111001111111110011011111111000110110111111
1111101001101101110010010010011100111011111111110111110111010100111011001111011110111011110100111111
0111110101111011111111001110111111000100011110001111101111101111101001110100110111111011011111100111
1110010111001110101110110101010111010001110111111101010110111011111011011111001011110111101101101111
1111101011110101111111111111001000011101010011111111000110101101111010110101101101111111010111111000
0101111111011110110111011011101110111010111011011011110011101110011111111001011110100111101000111111
1011111110101011001110011011111110101011111111011111111111101100111111111111111001111111111010101111
1110111111110101001110111111110001101111010111101101000111101111111100111111111001101111001001101110
1001101111010100011111000011110011111001111111111110111111111000001011011111101000110101111111011111
1111000100111101110111111111111011011111011111110100111100100101110010111110111100111101001110001101
1011101110001010100111110111111111011111111110110111101101111111010001110110011011111111111011011101
1110111101111101101100011101011011111010111111111011111101100110000111101011111110011001100111011111
1101111101101111011101001111110011110111011001100101100111111011101111111101000011101011011111101001
0100101110001010110100001111111111110010111011011111110100101100111111001010011011101100110111110111
1110101110000001110001101001111101111111111101111111111101111001101111101111111001011111011101111111
1101100111111101111111000111001101001011101101101101101111011011101111110011110011111110011111111111
0110111111001111111101111110100011111111111011111111011111111001111001110100111111000011111111010001
1101101011010111011010111110101101111001101111111100111100111101111110010110111011011111010100111011
1000011110011111100011111101110111101011101010110111011111101011110111100011001011001111110011110001
0110011101101111111101111011101111001111111001111111110111110111111000111111011011011100110110110111
1111110010101110111111110110001100111101101111011110111111110111111111111010001101000110101110010111
1001101111111111101011110110110111101101111101010111101110111010111010111110011111100101101011010111
1111001101110011111101110011001111111111101111111101110011010011101110111000100110110111111110111101
1101111111111011110111011101011111101110010001110101111111111011111110001101011001011111100111110111
0011010111100101010011101101111001111111011010111111101101101011111101110111010111111111101111010101
1010110111111010111011111101001001110010101011111111111111011101011111110001001111111101111101000110
0111010011111111111111001011001101111100011100101011111111100001101001010110110111110011000011111101
1111101110001111010111110111010101111001111111111111111111101001101111110101101000001111011111000111
1100001010011111110011110100111110011011111111011110111100111111110111111111001111101100110111101011
0011111100111101001111111011101111010111001101111010000111001111010111010111111011111110010011111110
0011010110110111001110011101111010111111111111100110111101111001100111101110011111111011101111111111
1101011101101011100001110111011011111011101011111111111101110101110101100110110011111101111011011011
1111111010100111110111100111011010001111010011111011001011111111110101011001101110111111111011111101
1111111001111111101100101110101011110000101100000111111011111011111111011001111111101111100111111001
1010110110011111101011011111111010110111011101111111101111100111111110001001111111110111010001111011
0100001011011010101101111111111011011111111110111110111011110000011100111111011111110110100111001011
0010111110100011011100010111010110110011011101011111110110111111110101110111011010011100001111110101
1101011101010101111111101111111111111011011011111111010111110110111010110111110111011101111011010001
1101111101011011101111010011011100010101110100010001111110010110111011101011111001011110011110101111
0111011101011011010111111011100111111011001101110111111101110111011110010110111101101111101111010110
1100111011011110111010111000101110010011010100111100011111111111110111111101010100011110111111011110
1111111011111111010101111100100111111111011101111111111011011111111111110111010111111101101111111111
0011110011011010111111010001111101110111011101110111010100101001110111111111111111111111011101001011
1111101001010111100111101001111001011110011111110101111101111011111101111110111111101111101111100001
0111110001111111111110110111111111101011111101000011011100100111111011110111110010111100111011111010
1110101111111110010111010010011101111111110111000101011011101110001110101101111101111011110001111111
1011000001101100110110111100101111011111111011110011111001101111011010111110011111001111101100111011
1010100011101111111110111001001101111011111011101101111111110100001111111101100111101010111111110111
1100111011111101111110000011111100111011111111111010111000011100101111101011011100011101111011110100
1001001011100100111111011111110110111010100111111011011010111101110011111111100010111110101110100001
1101111101111110011011010111011111101110001011110011100011010110111011000101001110101111011110010000
0111100110101111111011001111111110111011101100101110011111101111111010111101111010001101111111111011
1101010110111111001001111111100101100000000011110101011111110111111011010111110101111110111010101101
0011111110001001101001111011111101110101100110111100000111101101011011111101011011111111010011111011
0101111011101111110111111011111001011101111101101110011101101010000111111110111001111111101111111111
1101100110111111011111010001110111011000111111110001010001100101101111011101011101001010100110111101
1111011111111011110110100110111111111111101011010011111011011110011001000011010110111111011111101101
1111111111011100010111011101110110101111010100001110110110111110101111111111111101001101111110011100
1110110101111100111111110010101100111111010111001110101000101011111110111100111111010110111011101110
1111101011010101111101101101111101111111110010111110011111100100110011101111110111000001010111101110
1110011000011111101000001111101011000011111101110101010111111011111110110011011011111111001111111111
1011111110101010111001111101011000111001110011101001011101100111110111111110110101111010111110011110
1100111100011101111101001101011111111011100110011101111110100101111111111100100111010001110111100111
1010011110111111000111011110111101001111110001101110011100110100101111001000110111001111000111111111
0011111011111110110111011110110111011111111111011011011111110111111111111111011110110111000110111101
1111111111110110111110110110101010011111111111110010010101100001011000111101111111100110111111101110
0110111111001100111110011001111110011110101111111001101011110111111111111110010101011011101000001111
1111111101001101110101100111101111111010101101111001010110101001111100111110110111110000111101011101
1001110110110001000001111111111100010111101011011110111111100111111110001011010111101001110010110111
1011101011101111101101111100111111110111011111110111101101001101111100111111111101110011111110111101
1000010010111111111111011000111111111010111101111010111111011101011111111111111001100101110011011111
1111111101010011111101011110111101111110111000111100101011010111111111111001000011111101011111110111
1101111111100110010110110110110111011111000101111111111101011101011011111111001110011111010001111101
1111011100111101111111001110111111101110111111011000101101001111010111011101111111010111111111111110
1111011111001111111010111101111101011011001111110110011101101000101010100111110110101111110010101101
0001010110010011010101111001111111111111010011111111111001011111010111110011110110011101011110111111
1101011101011011100011111100110011101111111101010110111011010111111001111110111011111011011011110010
1111011001001110111110001101001001100101101011111001111010101000111011111111011110110011110101110110
0110011110101111010110111001101000110100101110001110011110011011111011001011011011010111111111110100
1101101010100111010101101111110111111101010111110001100111010111111100011110111100101101100010010111
1101101001110100001111111110111001011111010111110110111110111111101111111101101110111100101111111111
1100010110010111111101101001110101101111011000110100111111001001110011110011011111110010011111110100
1111111101110111111101110010111111100111011010111111111111110111100011001111001110110001111011111010
1100110100101100101100111111101111011011000011101101101111101111111011101111111110010111110100111010
1101110011100011100001011111110111101111111110011110011111111001110101111111101111110111011011110011
1003111110011101110111111111001000100101101110111001001100111000111001111111011111111111110101000101
1111011110110111001110011101010001111011111011110111110001111101111011111110111111111011101111111101
1011111011001111111001101011111111000111011011110111001110111111111100011111111101011011110101000111
1111111011111101111110111101111011111101000111011110011111001011110100010111000011111111110111101110
1110111110011011111111011101011011011101110101010100110101111111011011101010111010110101110111011010
1011001001101100101111010110111110011110111110010111101101010111110111110011101110111111110001110111
0110111111011101100111101101011101100111101111101101111111011110111111111111101011011111110101001111
0011110111010101110111111111101110111110111111111101010010011110110111011111011111010010011111001111
1101111000010100011001110100111111010011011101010110000011100110111101111111100001101111001111101101
1100100111101101100111101101110011111101100010001111110101010111110111101010111001011011011000111101
1101111110111110111111111111110111111111111110011001011111111010111011101011101111101111010110110001
1011101110101001011101111111011100011110100001111111010111001101100111110011111111100111111011011110
1011011000110011101111101000111011000111110101001010111001001111100111110001111010101001111101101111
1111110111100110011011000110111110010011111011111111011000100101111111111111001111101011111111101110
1111110101111000110011110111111011011110111010111111011110111101100101111010101011011111010101111111
1001110100101111111110010001110101111001100110111010111111010111100110111101111001111111011111111101
0100111111101100111110010111101001111101010011110010101111110001011011011000110111110110111111011111
0101011101111101100111011101100110111111110011111011111011111111111011011111111001101000111111110110
0110111101111110100111110011101101111010111111001111110011011111111111010100001011010111001111101111
0001100110001110100111111111101011011110111111111110001101110110110011110110101010111001111010101111
1010110000011111100100001111011111111110101011010101011110101001000101001111001111011111111110101010
1011011110111111111100100111101110011110010110110111100111011111111101111110101101101011111101111111
1100011111111011111110100110101000111101111100001111001011011111101100010111011011000110111001111101
1101111011110111100100111110111110111110011110101010101111101010111111011110011111001011110011011011
0100101101110111011111011011001110011110101111111110011101111101110011111111110000010101101100000000
0011111011111010111101010111101011110011011111000001111101111111011001111111101101101111110010111111
1111011111100101111011111110110101011111011101110010101011011110110101011111111110111010011100110101
1111101111111111101101111011011001111111110111111100010111000011110111110110111111001101011101101011
0001110110110111001110010101111111100111110110011110100111110010111101111111111110001110011011110111
1010111010111111111111101100110100111111100011011101011111001101001100111111111111111110000001100011
1111001001111111101111111011001100101111111110101001112111011111110110111110111011010111011011111111
1010111010101111101100011111111111111011011110110110011000101101111101011010101101111100111011000011
1111000101111101011111110101101111010111111001110011101111011111111111111111011111110111111110111100
1111111110111111000011110110010110100001111010101101011111110111000111111111111111110111011010101111
1011110010111110001111101111110011010001101011111101111111110111011101110101110110011110111111110100
0110011110011111110111010001111100111101110100011111101011110010100110110110111101011111101011111101
0001110111111101111111101101111111111110111010010111110011111111111111011111000001101101111110101111
1110101011011011110111111111110110100111111101101100011101010011111101010101101110111001110100101101
1100100101111110011010110101100111101100100101111101111011110011101101000111111111011101111111111010
