00001011101110001110111101100001010000111010110001
01111110010001111010001101100011100010011100011011
11000001111110001101111110110111100101111011000001
10011000101000010101000110001111101001011110001110
00011101011001111011101111010001100110101000100100
10001010100110111011101101001010010110014111410100
01000110101000000110110010110001011100014444441111
11010010001111010010111001111001110011001441411000
11100100000101000111111110000111101110011411444111
11000001010101111100000101110110111101111110112410
10010111101110100001001010010110111100110001144411
10110110100010001111111100011101001001110101114110
00111001011111101011000100001110110011101100111010
01010101100000100000010001000101100010000110011010
10001000101000001011111011101000000110011000111100
00111111111011001111000010101000001001001000100111
10000001310101101011001011110001010000111011001000
01100000111001111101110001010010010110100100000001
10111011111101111101100110111101001001011011111011
01000110101010110010011001100010001110001000000110
00010110011010110000111111000111010111001010111011
01110110001100000011001111001000011001000101100110
10111010111111100011010100001001111000011111011101
10010000001100101110001011110100011011101100000000
00110100011111000001111100101101111110110111011110
10100000001000110011011101110001001110101010011110
00101111110110000100001101101010110010000011110001
00101011010100010111100001000101101111101011010101
00110101111101111000011110011011000000111100001011
00101110100000111111001000111100111101000010001010
00110010111111101011001110101001110110000100101100
00000111010110011111111010000100110110111101001100
11110011011101010000100100000000011000010000110110
01100101100110111111101100011010000001011001000101
01011000110010010001001110001011101011101111011010
01010110111011011110010001001100001001000111011110
10010101000111001100111011011011001001110010111110
11011101011101110000111010110101100010011011110100
11010110010110101011000010011000101111101100000010
10010000110010101110001110110100001001010110011101
10010001011101000000111100011111111000101101101110
00011001100101000000100101100000111011110011011101
01001000100101101000110101111000011001100010011110
00001110010110111111111100010011100111010001000110
01110001000100011101000111001111111101010010011011
11010100001100001001110101101100011110100110100100
01101010000010000011111111101110101010100110101111
10001010011001011011100000001010100111011000110011
10111000110100001000101101001001011010110000001010
11111110010100001101111011110110110100010100000101
