0000000000000000000000000000000100000000000100000000000000000000000000000000000000000000000000000000
0000000000000000000000000000000000000000000000000000000000000000000000000000000000000000000000000000
0000000000000000000000000000000000000000000000000000000001000000000000000000000000000000000000000000
0000000000000000000000000000000000000000000000000000000000000001100000000000000000000000000000000000
0000000000000000001000000010000000000000000000000000000000000000000000000000000000000000000000000000
0001000000000000000000000000000000000000010010000000000000000000000000000000000000000100000000000000
0000000000000000000000000000000000100000000000000000100000000000000000000000000000000000000000000100
0000000000000000010000100000000100000000000000000000000000000000000000000000000000000000000000000000
0000000000000000000000000000100100000000000000001000000000000000000000000000000000000000000000000000
0000000000000000000000000000000000000000000000000000000000010000000000000000000100000000000000000000
0000000000000000000000000000000010000000000000034444440000000000000000000000000000000000000000000000
0000000000000000000000000000000000000000000000054444440000000000000010000000000000000000000000000000
0100000000000000000000000000000000000000000000054444440000000000000000000000000000000000100001000000
0000000100000000000000000010000000010000000000054444444144000000000000000000000001000000000000000000
0000000000000000000000000000010000000000000000054444441444000000000000000000000000000000000000000000
0000000000000000000000000000000000000000000000054444444444040000000100000000000000000000000000010000
0000000000000000000000001000000000000000000000054144444444440000000000000000000000000000000000000000
0100000000000000000000000000001000000000000000054444414444440000000000000000000100000000000000000000
0001010000100000000000000000000000000000000000054444441414440000000000000000010100001000000000001000
0000000000000000000100001100000000000000000000054444444444444400000000001010000000000000000000001000
0000000000000000000010000000000000000000000000054444444444444401000000000000000000000000000000000000
0000000000001000000000000000000100000000000000054444444444444400000000000000000000000000000000010000
0000000100000000000000000000000000010000000000054444444444444400000000000000000000000000000000000000
0000000000000000000000000000000000000000000000054444144444444440000010000000000000000000001000000000
0000010000100000000000000000000000000000010000054444444444444440000000000000000000000000000001000000
0000000000000000000000010000000000000000000000054144444444444440000000000000000000000000000000000000
0100000000000000000000000000000000000000000000054444444444444440000000000000000000000000000000000000
0000000000000000000000000000010000000000000000054444444444444441000010000000000000000000000000000001
0010000101000000000001000000000000000000000000054444444444444441010000000000000000000100000000000000
0010000000001000000000010000000000000000000000054444444444444444000000000100000000010000000000000000
0000000000000000000000000000000000000001000000055544444444444444000000000000000000000000000000000001
0000000010000000000000000000010000000000000000001554114444444444000000010000000010000000000000000000
0000000000000100000000000000101000001000000000044154444444444444000000000000010000000000100000010000
0000000000000000000000001000000000000000000000044454444444444444000000000000000000000000000000000000
0100000000000010000000000000000000000000000000044454444444444444000000000100000000000000000000000000
0000100000010000000000000010000001000000000000044154444444444444000000000000000000000010000000000000
0000000000000000000000000000000000000000000000044454444444444444000000000000000010000000000000000000
0000000000000000100000000100000000000000000000044454444444444444100000000000000000000000000000000000
0000000000000000000000000000000000000000000000044454444441144444400000000000000000000000000000000000
0000000000100000000000000000001000000000000000044454444444441414410000000000000000000000000000000000
0000000000000000000000000000000000010000000000144454444444444444400000000000000000000000000000000000
0000000000000000000000000000000000000000000000044454444444444444400000000000000000000000000000000000
0000000110000000000000000000000000100000000000044454441144444444400000010000000000000000000000000000
0000000000000000000000000000000000000000000000044454444444444444400000000000000000000000000000000000
0000000000001000000000000000000000100000000000044454444444144444400000000000000000000000000000000000
0000000000000000000000000000000000000000000000044454444444444444400000000000000000000000000000000000
0000000000000000000000000001000000000000000000044454444444444444400000000010000000000000000000000000
0000000000000000000000000000000010100000000000044455444444444444400000000000000000000000000000000000
0000000000000000000000000000000000000000000000014415444444444444400100000010000000000000000000000000
0000000000000000000000000000000000000000000000144445444444444444440010000000000010000000000000000010
0000000000000000000000000000000000000000000000044445144444444444440000000000000000000000000000000000
0000000000000000000000000000000000000000000000044445444441444444440000000011000000000000100010001000
0000000000000000000000000000000000000000001001044445444444444444440000000000000000000100000000000000
0000000000000000000000000000000000000100000000044445444444444444440000000000000000000000000001000000
0000000000010000000000000000000101000000000000014445441444444444440000000000000000000010001000000000
0000000000010000000000000000000000000000000010044445444444414444440000000000000000000000000000000000
0000000000000000000000000000000000000000000000014445444444444444440000000000000000000000000000000010
0000000000000000000000000000000010000000000000044445444444444444440000001000000000000000000000000000
0000000000000000000010000000000000000000000000001445444444444444440000000000000000000000000000000100
0000000000000001000000000010000000000000000000044445444444414444440000000000000000000000000000000000
0100000000000000000000000000000000000000000000044445444444444144440000000010000000000000100000101000
0000001000000000000000000000000000000000000000044445444444444444440000000000000000000000000001000000
0000100100100000000000000000000000000000000001044445444444444444440000000000000000000000000000000010
0000000000000000000000000001000000000000000000044445444444444444440000000000000000000000000000000000
0100000000000000000000000000000000000000100000044445444444444444440000000001000000000000000000000000
0000000000000000000000000000100000000000000000044445444144444444440000000000000000100000000000000000
0000010000000000000000001000000000000000000000044445444444444444440000001010000000000000000000000000
0000000010000000001000000000000000000000000000044445444444444444440000000000000000000000000000000000
1000000000000000000000000000000000000000000000044445444444444444440000000000010000000000000000011000
0000000000000000000000000010000000000000000000014445144444444444444000000000000000000000001000000000
0000000000000000000000000000000000000000000000044445444144414444444000000000000000000000000000000000
0000000000000000000000000000000000010000100000044445444444444444444000000000000000000000000000000000
0000000000000000000000010000000000001000000000044445444444444444444000000100000000000000000000000000
0000000000000000000000000000000000000000000000044445144441444444444000001000000000000000000000000000
0000000000000000000000000000000001000000000000044445444444444444444100000000000000000000000000000000
0000000000000000000000001000000000000000000000044445444444444444444000000000000000000000000000000000
0000000000000000000000001000000000000000000000044445444444444444444000000000000000001000000000000000
0000000000000000000000000000100000000000000000044445444444444444444000000000000001000000000000000000
0000000000000000000000010000000000000000000001044445444444444444444000001000000000000000000000000000
0000000000000000001000000000000000000000010001044445444444444444444000000010000000000000000000000000
0000000000000000000000000010000000000000000000044445444444444444444000000000000000000000000000000000
0000000000000000000000000000000000000000000000044445444444444444444000000000000000000000000000000000
0000000000100000000000000000000000010000100000044445444444444444444000000000000000000000000000000000
0000000000000000000000000000000000000000000000044445444444444444444000000000001000000000000000000000
0001000000000000001000000000000000000000000000044445444444444444444000000000000000000000000000000000
0000000000000000000000000000000100000000000000044445444444444444444000000000000000100000000000010000
0000000000001000000001000000000000000000000000044445444144444444444000000000010000000000000000000000
0000000001000000000000000000000000000000000000044445444444444444444000000000000100000000000000000000
0100000000100000000000000000001000000000000000044445444444444444444000000000000000000000000000000000
0000000000000000000000000001000000000010000000044445444444444444444010000000000000000100000000000000
0000000000000000000000000000000000000000000000044445444444444444444000000000000000000010000000000000
0000000100000000010000000000000000000000000000044445544444444444444000000000001000000000000000000000
0000000000000000000000000000000000000000000100044411544444444444444000000000000000000000000000000000
0000000000001000000000000000000000000000000000144444544444444444444000000000000000000010000000000000
0000000000000000100000000000000000000000000010044444544444444444444001000000000001000000000000000010
0000000000000000000000001000000000000000000000044444554444144444141000000000000000000000000000000000
0000000100000000000000000000000000000000000000014444154444444444444000001000100000000000000000000001
0000000000000000000000000000000000000000010000044444455555244444444000000000000000000000000000000000
0000000001000000000000000000000000000000000000000044444441444444440000000000001010000000000000000000
0000000000000000000000000000001100000100000000000000444444444444000000001000000000000000000000000000
