01101110101111100110011100000100011101010111011011
00101100010101000001101100111110101110100101101110
11010010111101110001100011101101111100000111100101
01101010111011110100100001110100110100110011100001
01101000011100110111001010111110000011010110111101
11000001001100001110001010000010001000101011110000
10000011000011100010100001011010011011100000100010
11110000100101110000000011000101001110010100101111
01011111011001010011100001110011010011011110111011
10111110110010101001001001011111000011111001001001
10010010001110001110010000010110101001110100001111
00011000111001100001000101010110010010101111100100
11001000110100010001111101111111011010101000000000
00101010001110101000110001011111001110110010000111
00101010114111110010100010000100101101011101000110
01110111424110110110010110100000011011111111110001
10010111414100011110000001000011011111011010111111
00101144441100000000100100011010111001110110101110
00111011411010110010110000110001100011000100011100
10010014410110000011001001001011000110010110100111
11001011100101101101111000100101001100011110100111
10011001000101111101010000010000010001011111101010
00101010001100001110111000111111100011000101001111
11101111001111100001111000000110001111001100001101
00001000110100110101000110111111011100111000101110
10011110100101101101011001011001010000001000111000
00100101111110111011111111101111101000000011011100
10001110101111110101110010011101100000101110010110
10110111000011101101000001101001000100101010000110
01101110011110101001110110111010110011011011100100
01110000010100110111100100011110101100101101001010
00101010100110111011101110001101101001010101100011
10100011100111011010001011100001000100001100010101
11010000000011101001010010001001111001101010101100
00000001110101011001101010011100011111101111110011
10000000101100010001101001111100100010110110110101
00100100010011110100101111000011110100100101111111
11100110000111101001100001100101000100000110100011
11101111110101010001111010100100010111001100111010
11111111001110111110101101100011011111000000101100
00011000100111111111011111111001011001010100000010
10001110001001110110010000001100011110001011110011
10101010111001011010110011001101010111000001000010
10010101011101011001010101011001100000011100101001
00000000111110000011111101110010000010010000010100
10003100101101100111000000110000011101100111000011
10101111111010011110101100011010011011101010111100
00100111000001000100110000011000100011010011101110
10000100001110111110011011100000100100111110101101
01111101111001111111101001000101100110011101010011
