11010100111111111011011001110111001111111100101111
11111111110111101111011111010111101000011111111111
11101010111110111111111110110111011111111011111110
11011111011111101101110101110111111111013111001111
01111111010111110101011111011111101111110111111111
01110111100111011111111111011011011101111111011110
10111111110111011111010110010111001111011110111111
11111111100111111011101111101111110111111111110111
11101110111001110111100111111111111011111110111101
10111011111111111101011100111111100011111011101111
11011111010111111100011101111111011110110110011101
00111111111111111101110110111111111111010111111110
01110111111110111100011011111011011011111101111110
00111111110111011101111111001011011011101011111111
10001111111101111110111101011101111111111111111011
11111101111111111111011111110111011111111011111011
10101001111101111110101111110111011111111111111101
11111010111010111100101111011001010101110111011100
11111111111011111010111110101111111111111011111101
11001110100111011111111111111111110111111110111111
11110111111111110111011110111110111011000111111110
11111110100111111011011011111110110010111111111111
11111101101111111111111111111111111011111011111101
11111100101111101011011111010101011110101111111110
01101100011101111011111111111111111111110111111111
10101010011111010111111111011111101101111101011111
01011110111111111111101001111111011011111111111101
11111101111101111111111011111111110111111011111111
01110111101111011111111110110111011111101101111110
01111111011110101110101111001110111100011010101100
11101111101111011111101011110111111101100111111111
10111011110011010110101111111110111111110011111111
11111011111010011111110111001111011111110111111011
11111111111110111111100101111111011111111211111111
11111101111011111100101111111111111111111111101111
11111000111110011001110001111111101111111111111110
10110011111101111111111101101011111110110101011111
01011001111110111111110111111010111100101011010011
01100000111111111111110111110011111111110111111110
10110111110110111111011101000011101011011010011110
11111110111111111101111111111111101111101111111100
11111101101101110111111010011111111110111111101111
11010101110111111110110111111011111111111101011011
00110011111101000110111111110101111001011101101001
10100001110111111111111100001110111110011111011101
11111111111110101010111111101111101011111111111111
01011111100100110111111111111010101111000101111111
01111111111111111101111111011110011111001101111111
01110111110111110110011000110110011101111111101110
00111011111101101111110111111111111011010011011101
