00101010100000001011001001110100110011444444110100
10000001111011010000100101000000100144444414401001
00111111000110101001010010100110001412444111111010
00001100010100010001100001110000011555144444440110
10010001010001011011000110000011114511114414110001
00100000101000111100000001010111441514111411001011
00000100100000010100110014400111141514444410000011
11000000001000010001100111410114455514441101110001
11000110001110001104100101441555551111444110001011
00000001001011011014411111414511410010114401111101
10000010000000100111455555551514410010101401010000
00010010100011004144151144455541441000000100011000
11110001000000015555551144111444444101000110000000
01110101101011055141411444441414444111101000001010
10100001001100051441410114414441111001100110100101
11101111110000154144441444101444410101000110000000
01101101110011054111144411441441110000110010010001
00001100011001154100111444144141010100001110011000
01000000010011051111414141141441000111000010111000
10010000001011055114444414444444111100100010111111
10000011000000045114414444414111110100101110010100
10001100001100015014111144411101000100011000110100
00001001000110113011114444110101000100000111011000
10000100001000110111001414000010100111011010100010
01011010010001010010111000011110110011010101111000
10100000101110101010010100001111110110010101111111
00000001011000110100111100011111010100110110101110
01011000000110101001001010001001111011000001000110
10000011111100011011100110101100011010100110000000
01010110011001001010001010110010110100011000000001
01111001000110101001011011001000000001101010001101
00010011110110010011001000010010111000010000000001
01011010101100101000000000011100000000001101100001
11010110000010010000000101001000001110000100010110
01111001010001100011001011100100010111101100111011
01100101010110100000000100110000011011000001100100
11101100000001100000011101001101000011010010000011
00101101000011101111001010101100000000011011000100
10101111001011011010100010011101000100011000000000
11110001100000000010000000000110001110010110100100
00010000111000000010000101001101110010011010011010
01100100000000101111000010110101010100000000001000
01101010100101100100011000000101110000000000010000
01110010111100010000101110100101000010101101000010
01000110000010111100000010001000010101000011110001
00001100000000010000101010101001010101000110011100
10000000001000111010010101101001111110000011001101
00000110001001101100100110001001101010000101101001
00000000101010011001100111000100100100000101000001
11101111101011011101111100000100000100101010011000
