0000001000000000101000000001000000000000000000000001000100010000000000000000000000000000000000000000
0000000000000001000001000000000000001000000000001100001000000000100000000000100000000000000000010000
0000000000111000000100000010000000000000000000000000000000000100001000000000000000000000000000000000
0000000000000001000000010000010100000010000000000001000010000000000001000000000101000000000000100001
0000010000000000100101000000000001000000100000000000000000100000000000000000000000000000000000010000
0000000000100000000100000000000000000000110100000010001000000110001000000000010011010010000000000000
0000000100000000100000000010010000100000000000000001000010100100001000000000000000000000000000100000
1000001100000010010000000000000000001000010000000010000000000000001000000001001000010000000010010001
0000010011000000000000000001000000000000010000001101010001010000000000000000000110001100000100010011
0011000010000110000000000000000000000000000000000000000000000000000000000000000000000011001100000000
0000000011000010000000000000000000010100000000000000000000000010000000100000000100010000000000000000
0000000000100000000000000100000000010000010001000000000001000000000100000000000000000000000000000100
0000000000000001000001000000000000000010000000000010000100100000100100000000000000010000000010000000
0000000000001000001010000001000000010000000010000000000000000010000000000000000000000000000000000010
0000000010000001100010000000001000000100000000000000001100100000000000000000000000000001000000100000
0000100000000000000001010000000000000000001000100000001000000100000000000001000000010001000101101000
0000000001000000000000000000000000000001010000000000000000000000000000100000000001000110000000000001
0000010000100000000011000000000000000001000000000000000000000010000001000000000000000010100000000000
0000000000000000000000100000000001000010000000000000000000000000000000000100010000010000000000000000
0000000001100000000100000000000000000000000000000010000000000000011000100000000000000000000000000000
1000000100000001000000000000001000000000000000000001010000000001000000001000100000000000000001000010
0000000010100001000001000010010010001000000000000000000100000000000000000000001000010000000000000000
0000100010000000000000000000000000000000000001000000000100000001000000000000000000000000000001000000
0010000000000000000110000000000000100000001000000000000100100000000000000000010000001010000000000000
0000000100000000000000000000100100010010000001000100001000000000000000001001100000100000110001001001
0000001000000100000000100100000000000000100000000000000000100000000000010000100000001000000000000000
0000000000100100000000011000000000010000000010010000001000100000000000010000001000000000000001000100
0000000000000000000010000001000100000000000001000100000000000000010000000000000000001000001000010100
0000000000010000001000000000111000000000100001000000000000001000000000000001000001000000000000001000
1001000001000001000000000100010010000001000000000000000000100010000010001100000000000000000000000000
0000000000100000100010010001100000000010010000000000000001000100000000000000000001001000000000000000
0000000000000000000000000000000000000000000000000000000001100000000000000000010000000000000000000000
0100000000000000010000000000000000000000000000000000000000000000000000000000000000000000000000000001
1000000000100000000100000000000000100000000010000000000000010000000000000000000001000000000000000000
0001000000000000000000000000010000000101000000000001000100000000011000000100000000000000001000010100
0000000000000010000010000000001000000000000000000001000000000100000000000010000000001100000000000000
0000100000000000000000000000000000000000000000000000000110100000010000000000000000000000000010000000
0000010000001000000000000000000100000000000000000000000000000100000000000001001000100001000001100100
1000000000001000010000000000000000000000000010000000000001100000010000000000000000000000000000000010
0001000010000000001000001000000000101001101000100000000010000000000101000100000000000000010010000001
0000000010000010000010000000000000100001000100001000100100000100000000010000000011100000000010100000
1001000001010000000000000000100000000000001000000000001000100000000001000010000000000010000000010000
0000000100000000000000000000011000000000000000000000000000000000010000100001000000000000000000000000
0000000000000000000010000000000000100000100000000000000010000000100000000000000000000000000100100010
0000000000000000000000000000000010000000000000001000100001000000000000000000000000100000010000000010
0001100000000001000000000000000000000000001100000000000000000000000000000000000000000000000000000000
0000000000000000000001010000000000000000000010000000100000011000010000000000010000000000000100001000
0100000010011000000001000100000010000000010000010000000000000000000000000000000000000001000000000000
0100000000001001000100000000000000000000001000000000000000000000000000010000000000000000000000000000
0000000000000000001000010010000000000000000100000000000000100000001000000100000000001000000010000000
0001000000000010100000000101000101100000001001000010000010000101000000000000000000000000000010000000
0000000000001000000000100000000000000100000000010010100101000000000000000000000001000000000010000000
0000000000000000000000000000000010000000101000000000000001000000010000001000000001000000000000000010
1000000000000010000100000000000000000010100000000000000000000010000000010000000000001000010001100000
0000001001000000001000000000000000000000011000000000000000000001000001000000000000000000010000000000
0010000000000000000001000000000000000000100100000000000000001000000000000000000000100000001001000000
0000000011100000000000000000100000001000000000010010001010000000000010000000000000000000000000000000
0000000000001000010100000000100000000000000000000000001000001000000000000000000010000000000000000010
1000000010000010010000000000000000000101000000000000100000000000000001000000001000010100000000000000
0000000000000000000000010000000000000000100000000010100000000000010000000001110000000100000100101000
0000000001000000100000000000000000000000010000000000000000000000000000101000000000000000000000001000
0000001000000000000000000000000000000000000000000000000100000000010010000000000001000000100000000000
0000000000000000000000000000100000000000001000001010000000000000000000010000000000000001000010000000
0000000000000001000000000000100000110000000000000000000000000000000000100000000010000000000000001000
0000000000000000000000000000000001000000000000000000000000000000000000000000000010000000000001000000
0000000000000000000000010000000100000010000001000000000000000000000001000000001000000000000000000100
0001000000000001000100000010000000000000001000000000100000000001000000000010000000000010000000001000
0000000000000100000000100000000000000100000000000000000000000011001000001010000000000010100000000000
1000000000100000001000000000000000000000000000000000000110001000000001000000000000000010010001000000
0000000000000110000000000000001000000000000000000000000000100000000100010000000000101010000000000000
0000000000000000000000000000000100110000000010000000001000000000000000000000001000001000011010000000
0000010000000000010000000010000010000000000000100010000000001000101000100000000000000000001000001000
0000000100000000000000000000000000000000000000000000000000010000100000100000001101000000000000000001
0010010000000000000100100000000000000000000000100000000000000001000000000000000100000001000000100000
0010000000100000000100001000001000000000000000000011010000000000100000000000000000000000010000000000
1000010000000000000000000000000010000010000000010000100000000000010000000000000000000010000001000100
0100100100000000000000010000010001000000000000000000000000001000010000000100000000000000000000000000
1000000010000010000000001000000000001000000000000000000000010100000000001000000000311001111010000000
0000000000000001000000000010000000100000010000100000000000000000000000000111000010000000000000000000
0000000000000000000100000000001100000000001001101010000000000000010100000010001000000001000000010000
0000000010000000000010001000000000000000000100001101000000000001000100000001000000000000101000000000
0000100110100100000000000000000110000000000000000000000000100010000001000000000000000000000000000000
0000000000000000000000000000100100000001000000001000000000000000000000000000000000000000100100000000
0000000000000000000000000000000000010010000000100000000000000000000000000000000000100011000000000000
1000000000010000100001000000000000000000000110000000000000100001000010000000000001000000000000101000
0000000000000100100000010000000000000000100000000000000000010000010011100010000100000010000000000000
0000000000000000001000000000000100000000000000100001000110000000000000000000000100000000100100010000
0000000110100100000111000001000000010000000000000000000100000000000000100100000001000000000000000000
0010000011101000000000001000001000000000000001001000000000100100000000000000000000000010001000010010
0000000000000000000000100000000000000100000000001000000000000100001010000010000000000000000001000000
0000000000000000010000000000000000000000000000000001000000000001001001000000010001000000000000000000
0010000000001000001001000000000100001000000000000000000000000010100000000010010000000000000000100000
0000000000000000000000000000000000000000000001000000000000000100100010000000000100100100100010000000
0000000000000000100100110001000100010000000000000000000000000001000000000000000000100000110001000000
0100000000000010000000010000001000000000000000000000000000000100001000010000001001000000000000000000
0010000000000010000100000000100000000000010000000000000000000000000011010000100000010000000000000000
0000001110000000010000100110101000000000000000100000000100000100000010000000000011010001000000000010
2000100000010100111000000000000000000000000000000000000000000101000000000001000000010000000010001000
0000000000000000000100000000000000000010000000000000000000000001000000000010100100000000100000010000
0000000101000000010010010000000000010000000100000100111000000000001010000000000000000000001100010000
